DATAH	filename	date	time	DOY	daytime	file_records	used_records	Tau	qc_Tau	rand_err_Tau	H	qc_H	rand_err_H	LE	qc_LE	rand_err_LE	co2_flux	qc_co2_flux	rand_err_co2_flux	h2o_flux	qc_h2o_flux	rand_err_h2o_flux	ch4_flux	qc_ch4_flux	rand_err_ch4_flux	none_flux	qc_none_flux	rand_err_none_flux	H_strg	LE_strg	co2_strg	h2o_strg	ch4_strg	none_strg	co2_v-adv	h2o_v-adv	ch4_v-adv	none_v-adv	co2_molar_density	co2_mole_fraction	co2_mixing_ratio	co2_time_lag	co2_def_timelag	h2o_molar_density	h2o_mole_fraction	h2o_mixing_ratio	h2o_time_lag	h2o_def_timelag	ch4_molar_density	ch4_mole_fraction	ch4_mixing_ratio	ch4_time_lag	ch4_def_timelag	none_molar_density	none_mole_fraction	none_mixing_ratio	none_time_lag	none_def_timelag	sonic_temperature	air_temperature	air_pressure	air_density	air_heat_capacity	air_molar_volume	ET	water_vapor_density	e	es	specific_humidity	RH	VPD	Tdew	u_unrot	v_unrot	w_unrot	u_rot	v_rot	w_rot	wind_speed	max_wind_speed	wind_dir	yaw	pitch	roll	u*	TKE	L	(z-d)/L	bowen_ratio	T*	model	x_peak	x_offset	x_10%	x_30%	x_50%	x_70%	x_90%	un_Tau	Tau_scf	un_H	H_scf	un_LE	LE_scf	un_co2_flux	co2_scf	un_h2o_flux	h2o_scf	un_ch4_flux	ch4_scf	un_none_flux	un_none_scf	spikes_hf	amplitude_resolution_hf	drop_out_hf	absolute_limits_hf	skewness_kurtosis_hf	skewness_kurtosis_sf	discontinuities_hf	discontinuities_sf	timelag_hf	timelag_sf	attack_angle_hf	non_steady_wind_hf	u_spikes	v_spikes	w_spikes	ts_spikes	co2_spikes	h2o_spikes	ch4_spikes	none_spikes	head_detect_LI-7200	t_out_LI-7200	t_in_LI-7200	aux_in_LI-7200	delta_p_LI-7200	chopper_LI-7200	detector_LI-7200	pll_LI-7200	sync_LI-7200	chopper_LI-7500	detector_LI-7500	pll_LI-7500	sync_LI-7500	not_ready_LI-7700	no_signal_LI-7700	re_unlocked_LI-7700	bad_temp_LI-7700	laser_temp_unregulated_LI-7700	block_temp_unregulated_LI-7700	motor_spinning_LI-7700	pump_on_LI-7700	top_heater_on_LI-7700	bottom_heater_on_LI-7700	calibrating_LI-7700	motor_failure_LI-7700	bad_aux_tc1_LI-7700	bad_aux_tc2_LI-7700	bad_aux_tc3_LI-7700	box_connected_LI-7700	mean_value_RSSI_LI-7200	mean_value_LI-7500	u_var	v_var	w_var	ts_var	co2_var	h2o_var	ch4_var	none_var	w/ts_cov	w/co2_cov	w/h2o_cov	w/ch4_cov	w/none_cov	co2_mean	h2o_mean	avg_signal_strength_7200_mean	co2_signal_strength_7200_mean	h2o_signal_strength_7200_mean	delta_signal_strength_7200_mean	flowrate_mean	rssi_77_mean	CHK
DATAU		[yyyy-mm-dd]	[HH:MM]	[ddd.ddd]	[1=daytime]	[#]	[#]	[kg+1m-1s-2]	[#]	[kg+1m-1s-2]	[W+1m-2]	[#]	[W+1m-2]	[W+1m-2]	[#]	[W+1m-2]	[µmol+1s-1m-2]	[#]	[µmol+1s-1m-2]	[mmol+1s-1m-2]	[#]	[mmol+1s-1m-2]	[µmol+1s-1m-2]	[#]	[µmol+1s-1m-2]	[µmol+1s-1m-2]	[#]	[µmol+1s-1m-2]	[W+1m-2]	[W+1m-2]	[µmol+1s-1m-2]	[mmol+1s-1m-2]	[µmol+1s-1m-2]	[µmol+1s-1m-2]	[µmol+1s-1m-2]	[mmol+1s-1m-2]	[µmol+1s-1m-2]	[µmol+1s-1m-2]	[mmol+1m-3]	[µmol+1mol_a-1]	[µmol+1mol_d-1]	[s]	[1=default]	[mmol+1m-3]	[mmol+1mol_a-1]	[mmol+1mol_d-1]	[s]	[1=default]	[mmol+1m-3]	[µmol+1mol_a-1]	[µmol+1mol_d-1]	[s]	[1=default]	[mmol+1m-3]	[µmol+1mol_a-1]	[µmol+1mol_d-1]	[s]	[1=default]	[K]	[K]	[Pa]	[kg+1m-3]	[J+1kg-1K-1]	[m+3mol-1]	[mm]	[kg+1m-3]	[Pa]	[Pa]	[kg+1kg-1]	[%]	[Pa]	[K]	[m+1s-1]	[m+1s-1]	[m+1s-1]	[m+1s-1]	[m+1s-1]	[m+1s-1]	[m+1s-1]	[m+1s-1]	[deg_from_north]	[deg]	[deg]	[deg]	[m+1s-1]	[m+2s-2]	[m]	[#]	[#]	[K]	[0=KJ/1=KM/2=HS]	[m]	[m]	[m]	[m]	[m]	[m]	[m]	[kg+1m-1s-2]	[#]	[W+1m-2]	[#]	[W+1m-2]	[#]	[µmol+1s-1m-2]	[#]	[mmol+1s-1m-2]	[#]	[µmol+1s-1m-2]	[#]	[µmol+1s-1m-2]	[#]	8u/v/w/ts/co2/h2o/ch4/none	8u/v/w/ts/co2/h2o/ch4/none	8u/v/w/ts/co2/h2o/ch4/none	8u/v/w/ts/co2/h2o/ch4/none	8u/v/w/ts/co2/h2o/ch4/none	8u/v/w/ts/co2/h2o/ch4/none	8u/v/w/ts/co2/h2o/ch4/none	8u/v/w/ts/co2/h2o/ch4/none	8co2/h2o/ch4/none	8co2/h2o/ch4/none	8aa	8U	[#]	[#]	[#]	[#]	[#]	[#]	[#]	[#]	[#_flagged_recs]	[#_flagged_recs]	[#_flagged_recs]	[#_flagged_recs]	[#_flagged_recs]	[#_flagged_recs]	[#_flagged_recs]	[#_flagged_recs]	[#_flagged_recs]	[#_flagged_recs]	[#_flagged_recs]	[#_flagged_recs]	[#_flagged_recs]	[#_flagged_recs]	[#_flagged_recs]	[#_flagged_recs]	[#_flagged_recs]	[#_flagged_recs]	[#_flagged_recs]	[#_flagged_recs]	[#_flagged_recs]	[#_flagged_recs]	[#_flagged_recs]	[#_flagged_recs]	[#_flagged_recs]	[#_flagged_recs]	[#_flagged_recs]	[#_flagged_recs]	[#_flagged_recs]	[#]	[#]	[m+2s-2]	[m+2s-2]	[m+2s-2]	[K+2]	--	--	--	--	[m+1s-1K+1]	--	--	--	--	--	--	--	--	--	--	--	--	241
DATA	2026-08-02T233000_AIU-1657.ghg	2026-08-03	00:00:00	215	0	18000	18000	0.02985573775733973	0	NaN	-11.296913976088147	0	NaN	29.254687036244533	1	NaN	44.27982881448305	0	NaN	0.6647012006196777	1	NaN	0.03534165279489952	0	NaN	NaN	NaN	NaN	NaN	NaN	NaN	NaN	NaN	NaN	1.626752495788454e-10	9.594362295551548e-12	7.335862218006875e-13	NaN	18.0055725647015	465.5670709793418	478.7117807998658	0	0	1061.9438849599555	27.458504987199	28.23376187854851	0.1	1	0.08119637119533372	2.013309692872116	2.070152999328441	0.1	0	NaN	NaN	NaN	NaN	9	306.44377836608885	297.51669951739086	96600.0163116119	1.1194137415024323	1020.9381075961962	0.02560614308602608	0.04307263780015511	0.019323576638811416	2653.2035325639195	3041.255100118741	0.017262229256607198	87.24041375089939	388.05156755482176	295.2191058731956	0.13422366015876022	-0.8263026174796682	0.07515405231419249	0.8404999334798532	-1.498212016554159e-14	9.034716835262288e-15	0.8404999334798532	2.2704754897241206	241.77352639518324	279.22647360481676	5.130004757032497	NaN	0.16331218401421194	0.22516716527405012	32.91857230790015	0.060850148094644875	-0.3861574031570412	-0.0605272839883485	1	5.105529243916429	2	5	9	17	35	136	0.029476914563123832	1.0128515212609739	-9.404062730957943	1.0249813829167373	26.02683486616725	1.1240201579129863	39.39415899506571	1.1240201579129863	0.5913605694170604	1.1240201579129863	0.026092106834009414	1.4641075672398567	NaN	NaN	800000009	800000009	800000009	800000019	800000019	800001019	899999999	899999999	89999	89999	89	89	18	8	0	15	20	5	8	NaN	0	18000	0	0	0	0	0	0	0	NaN	NaN	NaN	NaN	0	0	0	0	0	0	301	0	0	18000	0	21	18000	18000	18000	18000	87	NaN	0.33954303465561425	0.06874850379758496	0.04204279209490103	0.051804085086877096	193.00992182444682	0.05895808856070017	0.00000176595071361792	NaN	-0.008228590860804547	1.0372206396892198	0.015570109979364507	0.000026092106834009413	NaN	18.0066799964905	1062.016223218457	84.41493179957072	84.19585663519965	84.63400610860188	-0.4381466674713635	0.00028749057106647845	28.11499769151122	032
DATA	2026-08-03T000000_AIU-1657.ghg	2026-08-03	00:30:00	215.02	0	18000	18000	0.02255078665840799	0	NaN	-40.203689142656536	1	NaN	50.82558531751524	1	NaN	80.70724952669461	1	NaN	1.1546321842191223	1	NaN	0.006876036162693079	1	NaN	NaN	NaN	NaN	NaN	NaN	NaN	NaN	NaN	NaN	1.2031129971383875e-10	7.050259197021876e-12	5.380316799743042e-13	NaN	18.027545431272127	465.98452681281435	479.06627422587	0	0	1056.416714629977	27.30675924577382	28.073351496305413	0.1	1	0.08061911538874986	1.9973776269942811	2.053450711187748	-0.7	0	NaN	NaN	NaN	NaN	9	306.24816390397814	297.35120722945646	96598.6936377938	1.1200863615157626	1020.8475209880544	0.025592250203458993	0.07482016553739912	0.01922721941712478	2638.5048318179633	3011.2497277142757	0.017165836562017815	87.62158805808349	372.7448958963123	295.12799846521403	0.0781933161230581	-1.2342016714506188	0.14037636063486494	1.2446178060443889	5.852137319921158e-15	6.673748246676802e-15	1.2446178060443889	2.6542936531461163	247.3748492609334	273.6251507390666	6.475982877860712	NaN	0.1418910797534459	0.12983640603131813	6.06634109029055	0.33019903928680355	-0.7910128115888467	-0.2477983584764435	1	11.750112164014423	5	11	24	46	106	513	0.022036347674801685	1.0233450202909333	-35.97388570486678	1.0486023736927148	41.07964836600968	1.2372448971488663	65.23142646429832	1.2372448971488663	0.9332284876501665	1.2372448971488663	0.009032460662055757	1.8538283784994105	NaN	NaN	800000009	800000009	800000009	800000019	800000019	800000019	899999999	899999999	89999	89999	89	89	12	2	0	5	8	1	2	NaN	0	18000	0	0	0	0	0	0	0	NaN	NaN	NaN	NaN	0	0	0	0	0	0	301	151	0	18000	0	16	18000	18000	18000	18000	87	NaN	0.1616164907535966	0.03750113397688817	0.060555187332151476	0.04410167203887834	171.29709519357448	0.04194758870447681	2.862096059957813e-7	NaN	-0.03146117676643778	1.7162980976009776	0.024554089413599448	0.000009032460662055757	NaN	18.028765010039002	1056.4927330286255	84.32788805770875	84.09078186247082	84.56499480205112	-0.47421144583572544	0.0002873747950070538	27.599346209000647	039
DATA	2026-08-03T003000_AIU-1657.ghg	2026-08-03	01:00:00	215.041	0	18000	18000	0.025059024410426664	0	NaN	4.495959107379365	2	NaN	6.68184037214466	1	NaN	24.92571569101356	0	NaN	0.15173478248252062	1	NaN	0.022053286040316214	0	NaN	NaN	NaN	NaN	NaN	NaN	NaN	NaN	NaN	NaN	-2.738151572946067e-10	-1.5426907686502933e-11	-1.1815374952711746e-12	NaN	18.867150474932547	486.9458599619018	500.68197859870094	0	0	1062.9864013370943	27.434817357004693	28.208718394019805	0.1	1	0.08141348322463829	2.013425180404372	2.0702213243258276	0.1	0	NaN	NaN	NaN	NaN	9	305.8095210316976	296.94239802214787	96608.93582573521	1.1216924565617512	1020.9146830445433	0.025554355568198805	0.009832413904867335	0.019346033435451136	2651.1594641889847	2938.2333770404607	0.017247181544530695	90.22971030501901	287.07391285147605	295.2064625480703	0.2239330144867923	-0.6220578129626438	0.17124154522576351	0.6829535741587873	-7.49735238164581e-14	-1.4512798721693855e-14	0.6829535741587873	2.162311885502742	231.20175950645762	289.79824049354244	14.521112282734427	NaN	0.1494669525847607	0.2671000922771641	-63.413370441993195	-0.031587975627826274	0.672862393738434	0.026267208615854812	1	4.952260429816947	2	4	8	13	24	72	0.024667135033262816	1.0158871055205803	4.838535115317449	1.0223519719409597	6.113210286996283	1.0930166080427397	22.804516882545762	1.0930166080427397	0.13882202828942505	1.0930166080427397	0.01591606216768426	1.3101835012407816	NaN	NaN	800000009	800000009	800000009	800000019	800000019	810000019	899999999	899999999	89999	89999	89	89	8	9	0	8	0	0	1	NaN	0	18000	0	0	0	0	0	0	0	NaN	NaN	NaN	NaN	0	0	0	0	0	0	301	0	0	18000	0	16	18000	18000	18000	18000	87	NaN	0.2797752333504441	0.18893648244142155	0.06548846876246248	0.06230932936855206	179.13333659800767	0.010208114009028043	0.0000011475932519393293	NaN	0.004225232853777626	0.5991980310787202	0.0036476057111757567	0.00001591606216768426	NaN	18.868521082030412	1063.0621643558102	84.0654421594408	83.79026915952892	84.34061481391059	-0.550347349908623	0.0002871035026683886	27.821286721181615	149
DATA	2026-08-03T010000_AIU-1657.ghg	2026-08-03	01:30:00	215.062	0	18000	18000	0.010433637809245873	1	NaN	-12.530497177760058	1	NaN	23.138569570258504	1	NaN	64.77514549669309	1	NaN	0.5255075179790087	1	NaN	0.051887718409838905	1	NaN	NaN	NaN	NaN	NaN	NaN	NaN	NaN	NaN	NaN	-2.4729150415969174e-10	-1.4122202280627245e-11	-1.087907541661606e-12	NaN	18.606772564356096	480.33220546397513	493.87960792031504	0.1	1	1062.5864678868054	27.430576681201416	28.204235115265337	0.1	1	0.08185662612037585	2.025525831958864	2.082654238755475	1.1	0	NaN	NaN	NaN	NaN	9	305.9680116475423	297.0691172632678	96617.37312703152	1.121313719653566	1020.9143935697018	0.025563028273181243	0.034052887165039764	0.019336480599330123	2650.9811692397316	2960.6992705743282	0.01724448765801617	89.53902193266266	309.71810133459667	295.2053593227946	0.15580167532672815	-0.5029690659012962	0.07111240774488709	0.5313275993428657	3.144619768695404e-14	-1.3290402905951223e-14	0.5313275993428657	1.5249031642333926	233.78890449484402	287.211095505156	7.6914960370045975	NaN	0.09646156648689196	0.13091401136774075	6.116316320989002	0.3275010471786882	-0.5415415650354771	-0.11347430458099476	1	5.134819511502984	2	5	10	19	42	190	0.010209943835521665	1.0219094225519585	-10.858553613921158	1.0435480498584646	19.088597902835215	1.2121670584732547	53.43747385634988	1.2121670584732547	0.43352730492519276	1.2121670584732547	0.030552443675800126	1.8377774231446873	NaN	NaN	800000009	800000009	800000009	800000019	800000019	800000019	899999999	899999999	89999	89999	89	89	6	1	0	1	0	0	2	NaN	0	18000	0	0	0	0	0	0	0	NaN	NaN	NaN	NaN	0	9	0	0	0	0	301	0	0	18000	0	21	18000	18000	18000	18000	87	NaN	0.1660911097223623	0.062218781242139434	0.033518131770979794	0.03612904197537597	269.22992061433115	0.02181109892295313	0.0000016595119549038927	NaN	-0.009485397103836017	1.4045619335726967	0.011394923931081977	0.00003055244367580013	NaN	18.607966904931924	1062.6628948597192	84.04860980182224	83.7704659177992	84.32675279574923	-0.5562861527767439	0.00028710873470279486	27.50291762675402	191
DATA	2026-08-03T013000_AIU-1657.ghg	2026-08-03	02:00:00	215.083	0	18000	18000	0.05216947395419747	1	NaN	13.87933882388396	1	NaN	31.009765441452227	1	NaN	-0.4046505743209123	2	NaN	0.7039668741538033	1	NaN	0.04382146244762948	2	NaN	NaN	NaN	NaN	NaN	NaN	NaN	NaN	NaN	NaN	-5.787565493523465e-10	-3.155659620950726e-11	-2.446949882193308e-12	NaN	19.435886620890674	501.2154927587151	515.2979064717599	0.1	1	1059.738203836405	27.328684118798304	28.09652518028621	0.1	1	0.08217382685436751	2.0292281954572124	2.086242456547423	0.6	0	NaN	NaN	NaN	NaN	9	305.4872099278768	296.62109517870294	96586.33905785627	1.1226903637578085	1020.8478384211892	0.02553267687098598	0.04561705344516645	0.019287554483491797	2640.2855890389483	2881.9357279475344	0.017179763099536668	91.61500596404053	241.6501389085861	295.13905980304975	0.10585776606224316	-0.630469350800145	0.1584964214144996	0.6586490602249423	-3.3338639271394435e-14	-2.977772821180536e-14	0.6586490602249423	2.151237811628902	241.46876321832667	279.53123678167333	13.92423712273646	NaN	0.21556499147728028	0.3253714610244872	-61.60985727650721	-0.03251265444440191	0.4475796132701729	0.05617842225790327	0	20.34626618124595	-3.0876243894013773	6.9842147757900666	17.391682313524147	26.523412877341283	37.199463688091384	55.73157523455992	0.05133752543341417	1.0162054659580808	15.55597785912532	1.022507189031391	28.370301777642105	1.0930361504258024	-0.37020786015474133	1.0930361504258024	0.6440472018053259	1.0930361504258024	0.029427201267454954	1.3106369112382819	NaN	NaN	800000009	800000009	800000009	800000019	800000019	800000019	899999999	899999999	89999	89999	89	89	7	6	0	19	1	0	3	NaN	0	18000	0	0	0	0	0	0	0	NaN	NaN	NaN	NaN	0	34	0	0	0	0	301	151	0	18000	0	21	18000	18000	18000	18000	87	NaN	0.4665989041938338	0.14881746801199083	0.0353265498431498	0.029285490399102217	153.78688072782262	0.03215799106639519	0.00000657761032787455	NaN	0.013573014335246292	-0.009718050438550055	0.016906402768798758	0.000029427201267454954	NaN	19.43729781436885	1059.8118762674305	83.91454751756459	83.6132185779148	84.21587540393405	-0.6026580299006513	0.00028688866107970374	27.138786369297627	145
DATA	2026-08-03T020000_AIU-1657.ghg	2026-08-03	02:30:00	215.104	0	18000	18000	0.03823991248690311	1	NaN	15.237387342383839	1	NaN	23.872606014589174	1	NaN	1.5229927498583402	2	NaN	0.5418744355545673	1	NaN	0.10472582645945241	1	NaN	NaN	NaN	NaN	NaN	NaN	NaN	NaN	NaN	NaN	4.2524115499829585e-10	2.3071188167369917e-11	1.8038627863331603e-12	NaN	19.441365023718006	501.15274740653933	515.1597998137114	-0.1	0	1054.7788835126264	27.189723290204615	27.949667002043544	0.1	1	0.08246980441473156	2.035233202823629	2.0921172931140517	0.3	0	NaN	NaN	NaN	NaN	9	305.4802417594061	296.4906760519133	96577.66653183642	1.1231429859521969	1020.7652409116977	0.025523742384923144	0.03511346342393596	0.019196198374646995	2626.624404264423	2859.354247318148	0.017091500026928916	91.86075515924593	232.72984305372484	295.05403441750974	-0.19906384927216914	-0.7991057291874187	0.3031079226076387	0.8775367771522226	3.804439404558263e-14	2.1873009147223546e-14	0.8775367771522226	2.7139918506356624	264.98814669348394	256.0118533065161	20.206682678825576	NaN	0.18451892689294339	0.20820655906662894	-35.19302621904964	-0.05691752643072625	0.6382791779444553	0.07202921225417963	1	5.3271748128061125	2	4	8	13	24	68	0.037710553853404535	1.0140374133871488	16.47843102993276	1.021623109422486	21.82875084090096	1.0936313391721255	1.3926015973639156	1.0936313391721255	0.4954818101360959	1.0936313391721255	0.07769555657201825	1.307580282784451	NaN	NaN	800000009	800000009	800000009	800000019	800000019	800000019	899999999	899999999	89999	89999	89	89	2	0	0	4	6	0	3	NaN	0	18000	0	0	0	0	0	0	0	NaN	NaN	NaN	NaN	0	7	0	0	0	0	301	0	0	18000	0	21	18000	18000	18000	18000	85	NaN	0.338708499612012	0.04907594167192913	0.02862867684931673	0.0673649557892866	425.9290609186975	0.036267479310995436	0.0000022354948463134193	NaN	0.014373248569632544	0.03653813261693275	0.01300011440623073	0.00007769555657201826	NaN	19.443278276282598	1054.8519390196698	83.47561366229584	83.10732713063561	83.84390069834389	-0.7365738641222356	0.0002865699309008454	26.397856686115276	097
DATA	2026-08-03T023000_AIU-1657.ghg	2026-08-03	03:00:00	215.124	0	18000	18000	0.04274728150366938	1	NaN	14.705955305026293	1	NaN	23.652817064920537	1	NaN	8.870434096034588	1	NaN	0.5366728792611002	1	NaN	0.05848136765740019	1	NaN	NaN	NaN	NaN	NaN	NaN	NaN	NaN	NaN	NaN	2.1320683010936767e-10	1.1070891955025738e-11	8.724209120386087e-13	NaN	20.024670624149618	515.3231375780503	529.491515980184	-0.1	0	1039.792978495194	26.75846160803079	27.494163116221127	0.1	1	0.08193893882401362	2.017987303726218	2.07347017582133	0.3	0	NaN	NaN	NaN	NaN	9	305.0927598241171	296.08191521457786	96607.71759902572	1.1252288887859232	1020.5092058466566	0.025480625195091304	0.03477640257611929	0.01892369134377973	2585.7673211220763	2789.576981940394	0.01681763731128307	92.69388648752935	203.80966081831775	294.7974148567049	-0.2991002220264614	-1.2682591090434394	0.39068346962929396	1.36035866003397	-1.8017822547313327e-14	1.0647207842322345e-14	1.36035866003397	2.7145387844830977	264.26989526735133	256.7301047326486	16.689890827186172	NaN	0.19490986190669657	0.14643033451315335	-42.98447593489139	-0.04660054488122867	0.6217422332681326	0.06570548533533273	1	9.884255059816294	4	8	15	25	44	127	0.042232570990014665	1.0121875249739452	15.92473816893458	1.0219347124937637	21.530695028979796	1.0985626350233662	8.074582015841013	1.0985626350233662	0.4885227861856827	1.0985626350233662	0.04139652296899778	1.3052533308393068	NaN	NaN	800000009	800000009	800000009	800000019	800000019	800000019	899999999	899999999	89999	89999	89	89	10	0	0	28	10	0	6	NaN	0	18000	0	0	0	0	0	0	0	NaN	NaN	NaN	NaN	0	0	0	0	0	0	301	0	0	18000	0	21	18000	18000	18000	18000	81	NaN	0.2128132454967123	0.05091205259670736	0.02913537093288706	0.034324604039290524	381.75525710320915	0.0329636898961847	0.0000010331512309335561	NaN	0.013868021303812258	0.2114037545909312	0.012790204000685883	0.00004139652296899778	NaN	20.026185880178055	1039.8663700582106	83.13617768181697	82.70614611731634	83.56620585208466	-0.8600613242652633	0.00028628393475729465	26.897186143023006	174
DATA	2026-08-03T030000_AIU-1657.ghg	2026-08-03	03:30:00	215.145	0	18000	18000	0.03739167262210686	0	NaN	7.835684001858137	0	NaN	24.467085382543804	1	NaN	8.30399513136222	1	NaN	0.5552539489179709	1	NaN	0.04710585875884944	0	NaN	NaN	NaN	NaN	NaN	NaN	NaN	NaN	NaN	NaN	3.0191123002280924e-10	1.5540144750174406e-11	1.228463096292733e-12	NaN	20.07619862792069	516.2721074291835	530.3659724171969	0	0	1033.3733948471206	26.573848476325225	27.29929582714618	0.1	1	0.08168914129620188	2.013422486243968	2.06838750232097	1.1	0	NaN	NaN	NaN	NaN	9	305.0295307362875	296.2782728196376	96636.56164830111	1.1248982056375094	1020.4058716162206	0.025489913115775385	0.03598045588988451	0.018786284424474956	2568.6941867646465	2822.908218206787	0.016700430608144027	90.99460514505759	254.21403144214037	294.68912723536846	-0.14485750403073577	-1.301537119789742	0.36838364841059956	1.360400339268136	-1.742581065221709e-14	1.5038266736558905e-14	1.360400339268136	2.8408193421790937	257.350726522028	263.64927347797203	15.711318627292536	NaN	0.1823185399771089	0.2939138787158403	-66.03865849458559	-0.03033223335637914	0.3202540833673861	0.03744207476200815	1	10.872488316502603	5	9	17	28	51	153	0.03694145032505197	1.0121874559091029	9.191577522122202	1.0219348139639368	22.271865344384963	1.0985647140109116	7.55894944144341	1.0985647140109116	0.5054358125983424	1.0985647140109116	0.034065481250317026	1.3052532742988037	NaN	NaN	800000009	800000009	800000009	800000019	800000019	800000119	899999999	899999999	89999	89999	89	89	9	1	0	8	0	0	6	NaN	0	18000	0	0	0	0	0	0	0	NaN	NaN	NaN	NaN	0	0	0	0	0	0	301	151	17996	18000	0	16	18000	18000	18000	18000	80	NaN	0.46279206255813327	0.08402396075848752	0.04101173411505972	0.05711116157518043	616.6990112697472	0.032471182690834446	6.1358815973452e-7	NaN	0.008007627851411866	0.19793835941468838	0.013235322753533563	0.00003406548125031703	NaN	20.077832265218188	1033.4459289384624	82.88081109364828	82.40797383117676	83.35364625506932	-0.9456740385393333	0.00028576546031399623	27.380693690520754	211
DATA	2026-08-03T033000_AIU-1657.ghg	2026-08-03	04:00:00	215.166	0	18000	18000	0.07464730350646875	1	NaN	14.35138453725883	1	NaN	13.117746145500599	1	NaN	27.159453109045266	1	NaN	0.2976701712993769	1	NaN	0.03203715466981638	1	NaN	NaN	NaN	NaN	NaN	NaN	NaN	NaN	NaN	NaN	5.169133057460048e-10	2.557086912674542e-11	2.048417867594147e-12	NaN	20.767984805156935	533.5794148185523	548.0452414440097	0.1	1	1027.3587767536587	26.395314714059403	27.11091587065164	0.1	1	0.08229912187578857	2.027545331898588	2.082513942815623	0.5	0	NaN	NaN	NaN	NaN	9	304.8219370778402	296.19910183348384	96658.1781483064	1.1255273227284568	1020.3014965753266	0.025477402738391393	0.019289027100199623	0.01866923344506465	2552.007397307503	2809.4275208805407	0.01658709928054653	90.8372747949605	257.4201235730375	294.58267939176113	0.05646025105373787	-0.1712738639637016	0.12529049101825637	0.2195909915404092	2.6445957315678487e-14	2.488991159207942e-14	0.2195909915404092	1.7694220763184563	232.75524986926712	288.2447501307329	34.78949355671415	NaN	0.2575307194117061	0.20879050164025958	-101.63201117590373	-0.019709341346527652	1.0940434719558414	0.04852663695001245	0	18.511785153611942	-2.809234815984816	6.3544968027244355	15.823595522631479	24.13198158089854	33.84544729186114	50.706647491198574	0.07220826622891173	1.0337778124989858	14.78114286701885	1.033531710265939	11.876874612013058	1.1044779518201229	24.590308085632568	1.1044779518201229	0.2695120991857119	1.1044779518201229	0.020565319983438267	1.3360564034037998	NaN	NaN	800000009	800000009	800000009	800000019	800000019	800000019	899999999	899999999	89999	89999	89	89	0	0	0	3	3	0	0	NaN	0	18000	0	0	0	0	0	0	0	NaN	NaN	NaN	NaN	0	0	0	0	0	0	301	0	18000	18000	0	16	18000	18000	18000	18000	80	NaN	0.18581160079558123	0.16791455154885146	0.06385485093608648	0.038496894290256205	78.08287408238483	0.03584198321199861	0.000001968279117153526	NaN	0.012871330704691625	0.6434867745432744	0.007052675826649347	0.000020565319983438265	NaN	20.76958407472984	1027.4305417988976	82.86919803322684	82.38708204523718	83.3513143132528	-0.9642303336991291	0.0002855229529927278	28.250827005822067	157
DATA	2026-08-03T040000_AIU-1657.ghg	2026-08-03	04:30:00	215.187	0	18000	18000	0.007633181126624949	1	NaN	1.927400089582507	2	NaN	-4.298026963044875	2	NaN	35.05552160969611	1	NaN	-0.09751473426097106	2	NaN	0.01607358013226142	0	NaN	NaN	NaN	NaN	NaN	NaN	NaN	NaN	NaN	NaN	-1.1209340054448724e-10	-5.6487560438026364e-12	-4.534230814274512e-13	NaN	20.23226961738619	519.5925660292803	533.5633802863224	0	0	1019.5707751385132	26.183982584308918	26.8880179787922	0.1	1	0.08184048293320702	2.01444659451382	2.0686110707644243	-0.1	0	NaN	NaN	NaN	NaN	9	304.62521218109134	296.02091608145014	96658.16024585605	1.126295513304291	1020.1764485496233	0.02546208090492484	-0.006318954780110924	0.018530903896481748	2531.5744704576477	2779.292746227858	0.01645296787351692	91.08700311953747	247.7182757702103	294.45150115082663	-0.3005412932979907	-1.3149121354743856	0.42807173878433386	1.415119926557804	-1.2114358967963004e-14	-5.540327539336568e-15	1.415119926557804	2.295409484402615	263.87458530385504	257.12541469614496	17.607734353055836	NaN	0.08232402708536957	0.060731580443895664	-24.71877300194496	-0.08103557566722219	-0.44843834302450913	0.02037593847265307	1	34.14847310952696	15	28	49	78	135	355	0.007541882775260568	1.0121055118575781	1.6462354730257989	1.0220755388200853	-3.9097738000397557	1.0993032290004021	31.888855308441272	1.0993032290004021	-0.08870594726592529	1.0993032290004021	0.012479241810992558	1.3052003268809007	NaN	NaN	800000009	800000009	800000009	800000019	800000019	800000119	899999999	899999999	89999	89999	89	89	5	6	0	15	2	0	10	NaN	0	18000	0	0	0	0	0	0	0	NaN	NaN	NaN	NaN	0	0	0	0	0	0	301	0	18000	18000	0	16	18000	18000	18000	18000	80	NaN	0.07018599667835787	0.033793518614847876	0.017483645594585574	0.028844289233871664	318.69215123038504	0.01578650002402378	3.2546254893638384e-7	NaN	0.0014327298466538475	0.8337945315411225	-0.002319385033740146	0.000012479241810992559	NaN	20.233859600385	1019.6450471715385	82.96697154871623	82.49577716191611	83.4381659435696	-0.9423859861161998	0.0002851764597774794	28.473877084665823	230
DATA	2026-08-03T043000_AIU-1657.ghg	2026-08-03	05:00:00	215.208	0	18000	18000	0.050982067389533994	1	NaN	16.312869864348574	1	NaN	22.655227628265006	1	NaN	0.20183270853291393	2	NaN	0.5139870025283647	1	NaN	0.04074416068808261	1	NaN	NaN	NaN	NaN	NaN	NaN	NaN	NaN	NaN	NaN	7.346490612659323e-10	3.619563391329232e-11	2.9158048970471096e-12	NaN	20.649362781378578	530.3197818717407	544.547991225478	0.1	1	1017.3793382238988	26.12847642999731	26.829490130500947	0.1	1	0.08195683666306491	2.0168840789867026	2.0709960504782408	0	1	NaN	NaN	NaN	NaN	9	304.62253691185845	295.97956865128435	96660.20334438034	1.1265005430507942	1020.1437121864549	0.025457986313142215	0.03330635776383803	0.01849459527333914	2526.2613059332552	2772.3405628863343	0.016417741995269693	91.12377244529867	246.07925695307904	294.41723908822297	-0.3690435692346497	-1.049403241533903	0.3608997780647831	1.1694823509323429	-4.106553168331048e-14	3.5577323573802126e-14	1.1694823509323429	2.1541745188817227	270.3752402820239	250.6247597179761	17.974752733753768	NaN	0.2127369941597526	0.13876319608668208	-50.39871600068021	-0.039745060171234615	0.7200488175186723	0.06672592308084359	0	23.1413210909013	-3.5117847553324313	7.943666678427272	19.78085321124829	30.167049243996193	42.30971549998322	63.38766365857581	0.050346129588424576	1.0126313145877976	17.45351319958446	1.0215780592272967	20.66669228016429	1.096219333076793	0.18411708537051957	1.096219333076793	0.46887241176976996	1.096219333076793	0.02697582602137724	1.3057169057795472	NaN	NaN	800000009	800000009	800000009	800000019	800000019	800000019	899999999	899999999	89999	89999	89	89	9	1	0	19	0	0	4	NaN	0	18000	0	0	0	0	0	0	0	NaN	NaN	NaN	NaN	0	0	0	0	0	0	301	151	18000	18000	0	16	18000	18000	18000	18000	81	NaN	0.2046827401419629	0.04790504264402001	0.024938609387381228	0.0385742067969111	227.69511998163586	0.02767570609614426	9.097291369988664e-7	NaN	0.015187633075608987	0.004813041411558615	0.012256887132684342	0.000026975826021377243	NaN	20.65094494879247	1017.4502374697896	83.06570836851333	82.606988764445	83.52442606480915	-0.9174374786880316	0.0002855456909973226	28.565239403031494	144
DATA	2026-08-03T050000_AIU-1657.ghg	2026-08-03	05:30:00	215.229	1	18000	18000	0.04728932418844907	1	NaN	18.590984200840932	1	NaN	19.033786253517412	1	NaN	-24.910467613511383	1	NaN	0.4318438715234878	1	NaN	0.07343416836048866	1	NaN	NaN	NaN	NaN	NaN	NaN	NaN	NaN	NaN	NaN	-7.263110490383166e-10	-3.586283744136185e-11	-2.906659313359592e-12	NaN	20.55214458453922	527.6309285494239	541.744827880047	0.1	1	1014.7969265820873	26.052670195031755	26.74956786446426	0.1	1	0.08224862136581973	2.024347759545027	2.0784981873202533	0	0	NaN	NaN	NaN	NaN	9	304.63435211435956	296.0220254442976	96686.2031490568	1.1266745566391128	1020.1007819824172	0.025454791266854078	0.027983482874722007	0.01844325180421363	2519.609440369051	2779.4794847721478	0.01636963548660416	90.65040609844975	259.8700444030969	294.3742553217676	-0.09745801073442899	-0.7849751008237138	0.2723761080673438	0.836583956943618	6.296777909304387e-15	-3.533991530911568e-14	0.836583956943618	2.382533503423143	258.0773001310355	262.9226998689645	19.00079772994837	NaN	0.20487185999502713	0.15106125827852826	-39.50417801596465	-0.0507060290987575	0.9767359974112008	0.0789547938773796	0	21.010901331728316	-3.1884853376658975	7.212362515387963	17.95980244370534	27.389831922093904	38.41462871768228	57.55211388094721	0.04662059969423834	1.0143439702319696	19.486508039915947	1.0217146347535826	17.407807379085067	1.0934051508627045	-22.78246777405141	1.0934051508627045	0.394953207585276	1.0934051508627045	0.05236525368976219	1.3080066494988765	NaN	NaN	800000009	800000009	800000009	800000019	800000019	800000019	899999999	899999999	89999	89999	89	89	3	0	0	17	0	0	2	NaN	0	18000	0	0	0	0	0	0	0	NaN	NaN	NaN	NaN	0	0	0	0	0	0	301	0	18000	18000	0	16	18000	18000	18000	18000	83	NaN	0.2415999522378634	0.031077705327637956	0.029444858991555186	0.031144419539479523	227.83551736757983	0.024012640004862047	0.000001578968703937129	NaN	0.01695479150761972	-0.5954399228065059	0.010322451007902302	0.000052365253689762195	NaN	20.553728356799315	1014.8709657148653	83.25565038299564	82.82124829271103	83.69005088509456	-0.8688028414315673	0.00028513612891159333	28.474848259184085	020
DATA	2026-08-03T053000_AIU-1657.ghg	2026-08-03	06:00:00	215.249	1	18000	18000	0.06015184885793463	1	NaN	25.001562224962225	1	NaN	45.14782853801178	1	NaN	-17.27698074843247	2	NaN	1.0243864131056033	1	NaN	0.07471239023671057	1	NaN	NaN	NaN	NaN	NaN	NaN	NaN	NaN	NaN	NaN	-5.942224689361988e-10	-2.9724190786744816e-11	-2.404714769527858e-12	NaN	20.353720255327367	522.5511399961598	536.5767454296438	0.1	1	1018.1336043594495	26.139048240440324	26.840636944332374	0.1	1	0.08236795858703756	2.0278725178691337	2.082301907890648	0	1	NaN	NaN	NaN	NaN	9	304.6981861606174	296.0823112774377	96709.54531867115	1.126679933956108	1020.151768268576	0.025453830103835312	0.06638023956924309	0.018505099446399102	2528.5735515957554	2789.643865176798	0.016424451069632705	90.6414465000357	261.0703135810427	294.4321574042869	-0.250067171622231	-0.7547419911881239	0.2611966600721349	0.8368947119073641	-1.2198796359027035e-14	-2.919478412211485e-14	0.8368947119073641	2.5395562385617487	269.33148043941264	251.6685195605874	18.185963094802485	NaN	0.23105970283598085	0.15756510778776717	-42.148895428405865	-0.04752437708367629	0.5537710900960032	0.09414073606976252	0	21.800931764443632	-3.308375503787363	7.483554397590903	18.63510857513035	28.419716381773654	39.85905631596905	59.71612963235075	0.059301377500937266	1.0143415109873952	27.375874217140648	1.0217138346880723	41.2909520982087	1.0934073021767499	-15.801047527337293	1.0934073021767499	0.9368754087029234	1.0934073021767499	0.05035048230262447	1.3080032466290383	NaN	NaN	800000009	800000009	800000009	800000019	800000019	801000019	899999999	899999999	89999	89999	89	89	3	0	0	11	1	0	2	NaN	0	18000	0	0	0	0	0	0	0	NaN	NaN	NaN	NaN	0	102	0	0	0	0	301	0	18000	18000	0	21	18000	18000	18000	18000	82	NaN	0.21121925386916157	0.069758866824624	0.034152094881748744	0.04099891949001358	304.05765222155037	0.04969110637074497	0.0000018218360792373628	NaN	0.02381785518813494	-0.41299538114079676	0.02448731426377186	0.00005035048230262447	NaN	20.355291319208714	1018.2035322695348	83.27562809583874	82.84792126803929	83.7033369839986	-0.8554160798953632	0.0002855854484433722	26.91289923308087	041
DATA	2026-08-03T060000_AIU-1657.ghg	2026-08-03	06:30:00	215.27	1	18000	18000	0.0334126457352175	0	NaN	18.72454611095378	1	NaN	24.32965678036852	1	NaN	-27.00122664684399	1	NaN	0.5521818725193793	1	NaN	0.03233465977802982	0	NaN	NaN	NaN	NaN	NaN	NaN	NaN	NaN	NaN	NaN	3.457535994456778e-10	1.6937987137543986e-11	1.348458412973918e-12	NaN	21.063573971491703	541.0712031091726	555.8035112973643	0.1	1	1031.8751433732693	26.50632442714019	27.22803968042457	0.1	1	0.08214911883692175	2.0253448229184694	2.080490992123436	0.5	0	NaN	NaN	NaN	NaN	9	304.9100640767416	296.3655651968631	96735.04189497838	1.125741931211924	1020.3687712642724	0.02547146577681513	0.03578138533925578	0.018752119667793676	2564.7781940490245	2837.8372168781784	0.01665756524464357	90.37791804247539	273.05902282915395	294.6642009453093	-0.15426723550370297	-0.24786819834791327	0.14771991361482387	0.3271974886525788	6.027774705472283e-15	1.6414764175995717e-14	0.3271974886525788	1.677910424418763	282.89714600397156	238.1028539960284	26.838049250232825	NaN	0.17228045560085342	0.1501127753558228	-23.334077749769975	-0.0858444041149107	0.7696181775183333	0.09461920314458114	1	0.9129287018375496	1	1	1	2	4	13	0.03258686878665975	1.025340788461879	19.820976411354806	1.0279946100527673	22.158758502995532	1.09797021241418	-24.591948252835202	1.09797021241418	0.5029115237154389	1.09797021241418	0.019300690089499337	1.323723350566302	NaN	NaN	800000009	800000009	800000009	800000019	800000019	800000019	899999999	899999999	89999	89999	89	89	0	6	0	8	2	0	2	NaN	0	18000	0	0	0	0	0	0	0	NaN	NaN	NaN	NaN	0	8	0	0	0	0	301	151	18000	18000	0	21	18000	18000	18000	18000	83	NaN	0.17952482577133302	0.08365899660314752	0.037041728337165035	0.041441421955449954	130.58648124371305	0.03321682048575259	6.565455317925809e-7	NaN	0.017255559415723265	-0.64345312044962	0.013158778064989806	0.000019300690089499337	NaN	21.065279594242156	1031.9474798703006	83.2564645284017	82.83621814431088	83.67670920944212	-0.840493477205441	0.0002855672257978262	28.71011166325951	041
DATA	2026-08-03T063000_AIU-1657.ghg	2026-08-03	07:00:00	215.291	1	18000	18000	0.01011418885132735	0	NaN	8.226848700709056	0	NaN	4.913212736370864	0	NaN	12.521184054418836	0	NaN	0.11150468418840652	0	NaN	0.03805865407167231	0	NaN	NaN	NaN	NaN	NaN	NaN	NaN	NaN	NaN	NaN	1.905835516694008e-10	9.346369776117375e-12	7.445372619507438e-13	NaN	20.883877773099766	536.0385153786075	550.5101938239194	0	0	1024.1620660171989	26.287757443308422	26.997460126704624	0.1	1	0.08158534689850752	2.0107966649567177	2.0650830677417975	0.2	0	NaN	NaN	NaN	NaN	9	304.6893501120673	296.3213317876854	96775.22457027716	1.1264717009674725	1020.2419742631866	0.025457089491885028	0.007225503535408742	0.018607995128265564	2544.6860320684095	2830.2636954800128	0.01651883053279017	89.90985667280133	285.5776634116032	294.5357827110021	-0.06779234480926646	-1.034255150743665	0.21308833221299506	1.0581522367692942	-7.75093580115206e-15	9.125869905008199e-15	1.0581522367692942	1.989169544688055	254.75020303680162	266.2497969631983	11.617538533610666	NaN	0.09475570916437444	0.049269155678597555	-8.838684189696428	-0.2266287557072223	1.6744336429417064	0.07554481309008859	1	17.581118431902958	8	14	24	37	61	148	0.009984024356466857	1.0130372773756489	8.415556213552103	1.0214915527344957	4.4867015836860595	1.0950611812997835	11.434232413897467	1.0950611812997835	0.10182507250969848	1.0950611812997835	0.027774052276564175	1.3062289944742433	NaN	NaN	800000009	800000009	800000009	800000019	800000019	800000019	899999999	899999999	89999	89999	89	89	11	6	0	60	12	0	7	NaN	0	18000	0	0	0	0	0	0	0	NaN	NaN	NaN	NaN	0	15	0	0	0	0	301	0	18000	18000	0	16	18000	18000	18000	18000	86	NaN	0.05439135182079206	0.0240460076848754	0.020100951851527642	0.011063961972239682	154.10995873583758	0.008322862965433128	0.0000013424869871007488	NaN	0.007322499526969216	0.2989429249007072	0.0026621712680318112	0.000027774052276564176	NaN	20.885400619877792	1024.2365886578657	83.42485843785602	83.02401817660864	83.82570056915283	-0.8016799343791282	0.00028536266205224413	28.666536998514836	175
DATA	2026-08-03T070000_AIU-1657.ghg	2026-08-03	07:30:00	215.312	1	18000	18000	0.018652990732683474	1	NaN	16.89559561068128	1	NaN	12.91811701272504	1	NaN	23.316460347226688	1	NaN	0.2931229702544324	1	NaN	0.05185275052105279	0	NaN	NaN	NaN	NaN	NaN	NaN	NaN	NaN	NaN	NaN	-1.9117208576659046e-11	-9.660327900166692e-13	-7.736353578397302e-14	NaN	20.249040151363833	519.5294969947535	533.5363845147031	0	0	1023.2266219276722	26.252919063223832	26.960716573309444	0.1	1	0.08194383275463078	2.017889202887735	2.0722929417631324	-0.1	0	NaN	NaN	NaN	NaN	9	304.47717888217505	296.13861679886685	96803.99180678463	1.1275167861728845	1020.2188837778187	0.025433831953748213	0.018994368472487217	0.018600327724317547	2542.0690621575336	2799.1664574123224	0.01649671911976796	90.81521591636742	257.0973952547888	294.5189911619429	-0.027359102457862074	-1.2574829126085094	0.23300828739239862	1.279181245165501	-4.112292639198071e-14	-9.441044332845301e-16	1.279181245165501	2.354499722130532	252.24638976151846	268.75361023848154	10.49526339880932	NaN	0.12862125093602167	0.1255937618733627	-10.766083911714357	-0.18605651009467494	1.3078992545150512	0.1141942938000923	1	15.447836113561664	7	12	21	33	55	137	0.018425557745119732	1.0123433434531435	17.445072375880553	1.021755349870417	11.77028672478667	1.0975193140810402	21.24469250616305	1.0975193140810402	0.26707773293253256	1.0975193140810402	0.03609276415628813	1.3053956830686584	NaN	NaN	800000009	800000009	800000009	800000019	800000019	801000119	899999999	899999999	89999	89999	89	89	14	5	0	16	2	0	4	NaN	0	18000	0	0	0	0	0	0	0	NaN	NaN	NaN	NaN	0	0	0	0	0	0	301	0	18000	18000	0	16	18000	18000	18000	18000	84	NaN	0.162233798597057	0.04911073365069729	0.03984299149897112	0.029784631706262544	85.43437055013325	0.01439371825162681	6.89476482202524e-7	NaN	0.015165488409391097	0.5549057423358308	0.006975999657858277	0.000036092764156288125	NaN	20.250444728427443	1023.2997245947529	83.32766081831193	82.91357788085939	83.74174493408208	-0.8281697319348696	0.00028539066398904355	24.802614165656998	248
DATA	2026-08-03T073000_AIU-1657.ghg	2026-08-03	08:00:00	215.333	1	18000	18000	0.087517747777712	1	NaN	30.58191823873068	1	NaN	32.89670455379346	1	NaN	1.5868473421892375	2	NaN	0.7462686106002483	1	NaN	0.008367074675884233	1	NaN	NaN	NaN	NaN	NaN	NaN	NaN	NaN	NaN	NaN	1.5691394371305188e-10	7.891109131271471e-12	6.350797567368278e-13	NaN	20.3208353098575	521.4211709443924	535.462035736062	0.1	1	1021.9227512496852	26.221961324239608	26.928068084076756	0.1	1	0.08224476958448909	2.02291714400569	2.0773903945879213	-1.2	0	NaN	NaN	NaN	NaN	9	304.42672309705944	295.8823044519959	96813.47968092188	1.1286174629125876	1020.1967498426569	0.025409328198113052	0.048358205966896085	0.018596310279229367	2539.320282982037	2756.046360180569	0.01647707118693561	92.13634137909304	216.72607719853204	294.50133756436276	-0.6971738393815261	0.6312974967755444	0.4174555505278	1.0290077883181656	3.362627431783379e-14	7.721825472249854e-15	1.0290077883181656	2.4687771013149566	23.161137690124406	137.8388623098756	23.934213764489986	NaN	0.27846760749923855	0.22390179822925094	-60.36406945302906	-0.03318364746032683	0.9296347051639294	0.0953804436106939	0	20.08249907049707	-3.0475967127252086	6.8936720621614676	17.166218154447677	26.179565808816026	36.71721328543717	55.00907625385487	0.08638042198710577	1.013166476435783	32.15442871108759	1.0214875238475905	30.0484539759978	1.0947885897913683	1.4494554994326712	1.0947885897913683	0.6816554516177988	1.0947885897913683	-0.0028315433094308817	1.3063964638132286	NaN	NaN	800000009	800000009	800000009	800000019	800000019	800000019	899999999	899999999	89999	89999	89	89	10	2	0	24	0	0	5	NaN	0	18000	0	0	0	0	0	0	0	NaN	NaN	NaN	NaN	0	3	0	0	0	0	301	151	18000	18000	0	16	18000	18000	18000	18000	86	NaN	0.24306433140447278	0.14383305939244584	0.060906205661583224	0.037738232212875235	29.915874308234702	0.026333344718550564	1.2930701931840071e-7	NaN	0.02792608763142838	0.03782171609942801	0.017786940667586428	-0.0000028315433094308816	NaN	20.322258007686	1021.9934807304842	83.62001043531629	83.24539945899113	83.99462239540945	-0.7492220709390063	0.00028568055782751705	28.179361762304904	119
DATA	2026-08-03T080000_AIU-1657.ghg	2026-08-03	08:30:00	215.354	1	18000	18000	0.03256233886429448	0	NaN	27.40951426189133	0	NaN	14.510431856733627	1	NaN	10.79765533037382	1	NaN	0.3291731531364734	1	NaN	0.0391411768399899	1	NaN	NaN	NaN	NaN	NaN	NaN	NaN	NaN	NaN	NaN	-1.9993035207235698e-10	-9.929719316636923e-12	-8.273567754559678e-13	NaN	20.23989468878713	519.6845027666388	533.4532482419789	0.2	0	1005.2324280668051	25.810594500484708	26.4944315292059	0.1	1	0.08375723761654191	2.0597693076880708	2.114341724576572	0	1	NaN	NaN	NaN	NaN	9	304.0633670459323	295.8853684501922	96829.14878797885	1.1289657801097561	1019.9593797284087	0.02540547948718827	0.021330420323243473	0.018307346692761985	2499.888283937612	2756.5583780590446	0.016216033307034493	90.68874810835096	256.6700941214326	294.2462323433962	-0.9297864088525666	0.868460882594763	0.49896123663723063	1.3666343279571134	1.6060328207595027e-14	-9.878033218380237e-15	1.3666343279571134	2.5390242086289363	24.046802215227103	136.9531977847729	21.4138740622495	NaN	0.16983117197949582	0.14034911711285278	-15.278735483541928	-0.13110378160271938	1.888952343563216	0.14015877019337938	1	11.849749485699997	5	10	17	26	45	117	0.03217059406273674	1.012177108100453	27.905539924668933	1.0219500874039784	13.20753818615123	1.0986477307291487	9.828132374339544	1.0986477307291487	0.2996166504781367	1.0986477307291487	0.023154703141903217	1.305245336366095	NaN	NaN	800000009	800000009	800000009	800000019	800000019	800000019	899999999	899999999	89999	89999	89	89	7	3	0	13	2	1	1	NaN	0	18000	0	0	0	0	0	0	0	NaN	NaN	NaN	NaN	0	0	0	0	0	0	301	0	18000	18000	0	21	18000	18000	18000	18000	87	NaN	0.12409683749048764	0.11302680488536847	0.04357459184984948	0.1049002033700463	27.646316064283937	0.038708221276410396	3.3683169799368494e-7	NaN	0.024234093286805935	0.25630558958557925	0.007813633285094596	0.000023154703141903218	NaN	20.241443941822205	1005.3041366610217	84.29221041361495	84.0014685109457	84.58295360480419	-0.5814835313293782	0.00028546864553289996	26.822064910517806	126
DATA	2026-08-03T083000_AIU-1657.ghg	2026-08-03	09:00:00	215.374	1	18000	18000	0.03723366790152031	1	NaN	2.63063519248912	2	NaN	40.862104164942245	1	NaN	31.83079925844685	1	NaN	0.9278514794136059	1	NaN	0.02449847501481102	1	NaN	NaN	NaN	NaN	NaN	NaN	NaN	NaN	NaN	NaN	-2.782909411828525e-10	-1.4271705739486923e-11	-1.2144837244891235e-12	NaN	19.395918682990704	500.2242917535518	513.3945050036607	0.2	0	994.688662211174	25.65320259907129	26.328615917352263	0.1	1	0.0846453264410397	2.090702026889333	2.145747317552932	0.7	0	NaN	NaN	NaN	NaN	9	304.0760718120999	296.8680527842955	96848.07542269338	1.1255162917927597	1019.8860550355176	0.025484873912840763	0.06012477586600166	0.018139023184369173	2485.1297311285484	2925.122186154092	0.01611618002923506	84.95815124892135	439.9924550255437	294.1498449985576	-0.643449482934685	0.6759025498928649	0.3192754164174371	0.9863104407685531	-6.6074663321348106e-15	-1.4347912348534456e-14	0.9863104407685531	2.2330731118960454	27.40906205849427	133.59093794150573	18.887246476088944	NaN	0.1818829617336528	0.1381880548354947	-195.5723442492711	-0.010242245690151896	0.06437835853656505	0.012599844020032903	1	6.446519075393782	3	6	10	18	34	109	0.03674220644618334	1.0133759374537514	5.032961879574622	1.021497514332779	37.336887080378304	1.094416470151218	29.084722431168014	1.094416470151218	0.847804747753296	1.094416470151218	0.016440246093744407	1.3066763023923174	NaN	NaN	800000009	800000009	800000009	800000019	800000019	800000019	899999999	899999999	89999	89999	89	89	6	1	0	17	2	0	0	NaN	0	18000	0	0	0	0	0	0	0	NaN	NaN	NaN	NaN	0	0	0	0	0	0	301	0	18000	18000	0	21	18000	18000	18000	18000	87	NaN	0.11972728453861652	0.11540890238109215	0.04123992275128076	0.03277406306221958	45.12248268470991	0.06429791208631427	6.524020028573242e-8	NaN	0.004384501283367901	0.7607411660177337	0.022175214973688576	0.000016440246093744407	NaN	19.39768308713391	994.7602932625484	85.00183902910021	84.84919090737237	85.1544858110216	-0.3052946940768204	0.0002868801335441984	28.942579991333304	081
DATA	2026-08-03T090000_AIU-1657.ghg	2026-08-03	09:30:00	215.395	1	18000	18000	0.01904239976309202	1	NaN	13.402576459100866	1	NaN	18.42796224786872	1	NaN	-8.700686517088924	2	NaN	0.4188604612814771	1	NaN	-0.009751555470182992	2	NaN	NaN	NaN	NaN	NaN	NaN	NaN	NaN	NaN	NaN	-1.5617247592022846e-10	-8.209676615038427e-12	-7.031529252963302e-13	NaN	18.608897432974725	481.8542900124501	494.3769177429872	0.1	1	978.2327467560696	25.33012218229657	25.988411829255455	0.1	1	0.08378493450548355	2.078814910399701	2.1328400084079653	-0.3	0	NaN	NaN	NaN	NaN	9	304.5972423358493	297.89877659703757	96855.28688149754	1.12184392250441	1019.7197602022682	0.02557145312736568	0.027142157891039714	0.017849936304841274	2454.014337553061	3111.5277801104935	0.015911247497774013	78.86846947790762	657.5134425574324	293.9449782225583	-0.47842115609209374	0.5452080897584602	0.2001100114668008	0.7524511149727972	1.4071373772459759e-14	-8.392355134565515e-15	0.7524511149727972	1.8957536215229878	29.73298573128136	131.2670142687186	15.423064988773573	NaN	0.13028506060619055	0.07251467801090813	-14.108908660511455	-0.14197412770885331	0.7272956325190506	0.08992499025608039	1	7.074106726174718	3	6	10	16	27	72	0.018759127393468904	1.0151005088713103	14.324145068511207	1.0219979960269794	16.85855438290523	1.093092671489964	-7.959697054074346	1.093092671489964	0.38318842693414096	1.093092671489964	-0.012125636250174748	1.3090708368598138	NaN	NaN	800000009	800000009	800000009	800000019	800000019	810100019	899999999	899999999	89999	89999	89	89	11	2	0	36	11	0	1	NaN	0	18000	0	0	0	0	0	0	0	NaN	NaN	NaN	NaN	0	0	0	0	0	0	301	151	18000	18000	0	16	18000	18000	18000	18000	87	NaN	0.0390651581002337	0.07707666481230607	0.028887533109276498	0.08175445362058227	159.39103915122317	0.2622954874818976	3.12944820566287e-7	NaN	0.01252147342148182	-0.2088321837749352	0.0100534072402891	-0.000012125636250174748	NaN	18.61058577604235	978.3116803608223	85.20571614646911	85.13739008564417	85.27404232618542	-0.13665304524202382	0.0002878609746112487	29.225521552421426	072
DATA	2026-08-03T093000_AIU-1657.ghg	2026-08-03	10:00:00	215.416	1	18000	18000	0.008704843051936717	1	NaN	-2.497429110503398	2	NaN	25.206864958313233	1	NaN	2.858327487555749	1	NaN	0.573449258074775	1	NaN	0.0030322526783226654	2	NaN	NaN	NaN	NaN	NaN	NaN	NaN	NaN	NaN	NaN	-1.370686539635765e-10	-7.319963115029807e-12	-6.349777818089266e-13	NaN	17.751839665239775	461.12526265624354	472.76752268165234	0.1	0	948.0126040196482	24.625761006955614	25.247499905655417	0.5	0	0.0822363352065674	2.0482098277279355	2.0999220051602587	0.7	0	NaN	NaN	NaN	NaN	9	305.2107050620186	298.8094893639301	96851.27187844299	1.1186791485722873	1019.3343362137446	0.02565069148177771	0.03715951192324542	0.01729997108513974	2385.676035231168	3284.768195966479	0.015464640694535875	72.62844416725208	899.0921607353112	293.4869235989184	-0.6941315767152467	0.9929322828249013	0.21279457806748336	1.230046623719602	2.6756231181263643e-16	-7.721377420503257e-15	1.230046623719602	2.1009289111762883	36.043663973830405	124.95633602616961	9.962126478355406	NaN	0.08821200654171865	0.04216614518228669	23.49781756011716	0.08524621466973431	-0.09907733923411784	-0.024828087758020433	1	22.429945038316067	10	21	43	80	173	743	0.00860150035896434	1.0120144961529502	-0.9844803698456065	1.0246131612609564	22.45688512466469	1.122455978127982	2.546494065916805	1.122455978127982	0.5108879717770014	1.122455978127982	0.0015352145215823635	1.4347062935727466	NaN	NaN	800000009	800000009	800000009	800000019	800000019	810000119	899999999	899999999	89999	89999	89	89	29	11	5	10	6	8	0	NaN	0	18000	0	0	0	0	0	0	0	NaN	NaN	NaN	NaN	0	0	0	0	0	0	301	0	18000	18000	0	16	18000	18000	18000	18000	87	NaN	0.03821491426108881	0.027008171871210136	0.01910920423227443	0.030788540141884178	6.708359022559666	0.11437120684230667	1.086234832118313e-7	NaN	-0.0008633459659167802	0.06696893705377668	0.013435579874853484	0.0000015352145215823635	NaN	17.753174513710878	948.0781039370206	85.27230826526218	85.24639148627386	85.29822148852878	-0.051828233417585454	0.0002887208543640252	28.717495879173285	141
DATA	2026-08-03T100000_AIU-1657.ghg	2026-08-03	10:30:00	215.437	1	18000	18000	0.11272606787068563	1	NaN	21.816174186458042	1	NaN	12.822670695902826	1	NaN	-14.870311996291075	1	NaN	0.29197503685059945	1	NaN	0.01890396475120051	1	NaN	NaN	NaN	NaN	NaN	NaN	NaN	NaN	NaN	NaN	3.0370060245023794e-10	1.6481188785783976e-11	1.4448128334093897e-12	NaN	17.29594063136445	450.827040015229	462.1333302399785	0.1	1	938.6140839807408	24.46542909787157	25.078997533882468	0.5	0	0.08228300104928779	2.0578316569068296	2.109440011955541	0.9	0	NaN	NaN	NaN	NaN	9	306.1487386177911	299.7358881349422	96847.36791803209	1.1152449192079232	1019.2626217280966	0.025731253492227546	0.018919982387918845	0.017133523636171353	2370.0479829116216	3469.561420417849	0.015363014294958672	68.30972839864555	1099.5134375062275	293.3805597279284	-0.7107657602127176	0.547722654832728	0.3316821611468862	0.9566614492760017	-6.191802473161008e-14	1.7559068276373903e-14	0.9566614492760017	2.585592874511022	18.618178360847992	142.38182163915198	20.286092293976612	NaN	0.3179267367328556	0.2693064396152717	-125.9283984767905	-0.01590665826159288	1.7013752207977135	0.06036638769785653	0	22.263364320926264	-3.378551428309823	7.642292529935272	19.030388969190557	29.022543923409707	40.70453051451871	60.98280404734867	0.11122051001294621	1.013536692625885	22.296594260506446	1.0215166429354348	11.719002521389688	1.0941776548386868	-13.590399996318135	1.0941776548386868	0.26684426935555083	1.0941776548386868	0.008636417465348432	1.3068919271811368	NaN	NaN	800000009	800000009	800000009	800000019	800000019	800000119	899999999	899999999	89999	89999	89	89	5	0	0	2	1	3	0	NaN	0	18000	0	0	0	0	0	0	0	NaN	NaN	NaN	NaN	0	0	0	0	0	0	301	0	5	18000	0	16	18000	18000	18000	18000	87	NaN	0.13746169337831932	0.3397984846821906	0.06135270117003341	0.06617442431231144	11.925367356772568	0.1342373440473107	6.164150754302633e-8	NaN	0.019614723001567476	-0.3584705148260491	0.007038483241124614	0.000008636417465348431	NaN	17.29730670785903	938.680992139609	85.26857904942831	85.2688630847931	85.26829754892985	0.0005632882396009374	0.000289983615744859	26.401001326177003	068
DATA	2026-08-03T103000_AIU-1657.ghg	2026-08-03	11:00:00	215.458	1	18000	18000	0.12938502384696005	1	NaN	-14.182153240828653	1	NaN	122.92963485952174	1	NaN	21.49771317350814	1	NaN	2.800491556856873	1	NaN	0.057470472362537744	1	NaN	NaN	NaN	NaN	NaN	NaN	NaN	NaN	NaN	NaN	1.1398860596686913e-9	6.142975763480117e-11	5.593349660456126e-12	NaN	16.63982177541831	434.1171205763751	444.51661611082915	0.2	0	896.7389416511778	23.39506591551393	23.95550657077678	0.1	1	0.08165056558779041	2.045695219640389	2.0947008849162905	0.6	0	NaN	NaN	NaN	NaN	9	307.1121344502767	300.23405525426926	96854.11553133298	1.1139268784695329	1018.6632430738204	0.025772223737632233	0.18147185288432538	0.016357885889577	2266.5162229905964	3572.628626956951	0.014684883007807239	63.441137035313446	1306.1124039663546	292.65998783319844	-0.8524365838431283	-0.29725050936920216	0.5013385070689111	1.0326404473312525	9.100737584315181e-14	6.850350172335519e-14	1.0326404473312525	4.032358490252169	321.7759846448266	199.2240153551733	29.04470121272841	NaN	0.34081104694971354	0.6357246014723097	238.59616173967936	0.008395357181753346	-0.11536805797101209	-0.03667255692068754	0	24.819082655554933	-3.7663915456141632	8.519587931286306	21.214978562325868	32.35418089226196	45.37719873477624	67.983312512926	0.12799033519121253	1.0108968279023873	-6.651881483290512	1.0210992921740205	111.25533832268427	1.1049324617842373	19.456133218127903	1.1049324617842373	2.534536411695841	1.1049324617842373	0.040022686653873416	1.3817733709273485	NaN	NaN	800000009	800000009	800000009	800000019	800000019	800000019	899999999	899999999	89999	89999	89	89	7	3	1	7	2	1	2	NaN	0	18000	0	0	0	0	0	0	0	NaN	NaN	NaN	NaN	0	0	0	0	0	0	301	151	0	18000	0	21	18000	18000	18000	18000	87	NaN	0.47324925120396005	0.7444696128487203	0.05373033889193893	0.06913537200690668	42.987559235670595	0.5814391807587105	3.729357286008576e-7	NaN	-0.005862153467834709	0.5134430750526104	0.06688585827740022	0.00004002268665387341	NaN	16.640901930531648	896.7841917629564	85.33794845326742	85.33408799997966	85.34181000900267	-0.007722770090461159	0.0002896863689012309	28.547248784631126	055
DATA	2026-08-03T110000_AIU-1657.ghg	2026-08-03	11:30:00	215.479	1	18000	18000	0.06377627173957591	1	NaN	25.237813137496055	1	NaN	106.66885781406828	1	NaN	1.506461409502202	1	NaN	2.4318530338095683	1	NaN	0.01755022451079264	2	NaN	NaN	NaN	NaN	NaN	NaN	NaN	NaN	NaN	NaN	8.543849502557795e-10	4.5532211686827114e-11	4.2309180329052266e-12	NaN	16.3466674167935	427.6375389061122	437.6106077929961	0.1	0	871.152893052222	22.789824353621512	23.321312980134614	0.3	0	0.08094876897224242	2.0345690064916004	2.082017827071673	0.2	0	NaN	NaN	NaN	NaN	9	307.06666903940845	300.99584621259385	96866.59068904846	1.1115073439139247	1018.3372087711848	0.02583428866041871	0.15758407659086002	0.015896417636529145	2208.1647455150937	3735.3946495665846	0.014301675759112363	59.11463051892805	1527.2299040514908	292.2410559418955	-0.5580609683785988	-0.05670320864849887	0.2892209627187664	0.6311070143601535	-1.6502029615897386e-13	5.2266613644934134e-14	0.6311070143601535	4.967271776348248	335.1982274688937	185.80177253110622	27.275892724488937	NaN	0.23953743540246372	0.6445161563036752	-46.55156491432773	-0.04302970273258165	0.23659963793263292	0.09308385818947224	0	19.637428944291045	-2.980055603981908	6.740893890283619	16.78577890464812	25.5993719485974	35.903483146896264	53.789960225275166	0.06273500110201168	1.0165979217226928	31.299141790210488	1.0227061012786836	97.58446238439649	1.0930926420836067	1.3781644405094973	1.0930926420836067	2.224745588968629	1.0930926420836067	0.001835278154189692	1.3111955184710777	NaN	NaN	800000009	800000009	800000009	800000019	800000019	800110119	899999999	899999999	89999	89999	89	89	8	6	0	21	10	14	7	NaN	0	18000	0	0	0	0	0	0	0	NaN	NaN	NaN	NaN	0	0	0	0	0	0	301	0	0	18000	0	16	18000	18000	18000	18000	87	NaN	0.42484183840527306	0.8165263309754798	0.0476641432265976	0.186565084263597	0.42867151822767235	0.37844564392119157	1.0471938986393717e-7	NaN	0.027652123024527225	0.03643445554854973	0.058815473600627284	0.000001835278154189692	NaN	16.347831319786383	871.1971354644814	85.34654519059924	85.36168120108711	85.33140628941855	0.03027515575198919	0.0002903145004982231	28.397503970562962	228
DATA	2026-08-03T113000_AIU-1657.ghg	2026-08-03	12:00:00	215.499	1	18000	18000	0.06875728532031522	1	NaN	-5.36896525130393	2	NaN	17.84817874871884	1	NaN	1.706110079178493	1	NaN	0.4069197470006262	1	NaN	0.0031675241514836465	2	NaN	NaN	NaN	NaN	NaN	NaN	NaN	NaN	NaN	NaN	-4.023115863376556e-10	-2.1486872577389247e-11	-1.985821761082899e-12	NaN	16.345976202690995	427.69054539409376	437.6883655554241	0.1	0	873.0146477200387	22.842325609096836	23.376294540525674	0.3	0	0.08068421679062336	2.0282899363947777	2.0757038393615264	0.7	0	NaN	NaN	NaN	NaN	9	307.3769881108602	301.0317413274489	96867.64593382747	1.1113646591884367	1018.3679231173819	0.02583708805214608	0.026368399605640577	0.015931312139269897	2213.275838013523	3743.2207849969777	0.014334909795407372	59.12757929974226	1529.9449469834549	292.2781361396036	-0.477854629519011	-0.11796431627473038	0.29799904853591064	0.5753816644586408	1.4467504089194428e-13	-2.4612270405203702e-14	0.5753816644586408	3.8254890325979467	327.1330802610938	193.8669197389062	31.192526996589105	NaN	0.24873166074121802	0.402259688757042	245.00571491817982	0.008175727658715794	-0.30081305924221086	-0.019072087472676608	0	21.23224359975536	-3.222074880782937	7.288342153376102	18.149002485314426	27.67837392335307	38.81931297713138	58.15840464472911	0.0679011293099522	1.0126088626074963	-4.226579975365906	1.0210660546795198	16.20016345691326	1.101728312568495	1.548576050660787	1.101728312568495	0.3693467276446414	1.101728312568495	0.0027311718384269938	1.3880947533102932	NaN	NaN	800000009	800000009	800000009	800000019	800001019	800001119	899999999	899999999	89999	89999	89	89	9	1	0	14	9	4	2	NaN	0	18000	0	0	0	0	0	0	0	NaN	NaN	NaN	NaN	0	0	0	0	0	0	301	0	0	18000	0	16	18000	18000	18000	18000	87	NaN	0.2266130520252535	0.5356269089877007	0.04227941650112978	0.18969921621598637	0.413238648403128	0.1429047452113653	9.850589949715163e-8	NaN	-0.0037344598746074558	0.0409462543367836	0.009765981491282261	0.000002731171838426994	NaN	16.34709331865966	873.0756230978567	85.33485673141479	85.35511814053854	85.31459347152709	0.040525280478033436	0.00029105421343895917	28.475202404763948	058
DATA	2026-08-03T130000_AIU-1657.ghg	2026-08-03	13:30:00	215.562	1	18000	18000	0.11215997718763679	1	NaN	19.156004276736155	2	NaN	53.00742827854192	1	NaN	0.3574454993691257	2	NaN	1.2097142441440019	1	NaN	0.05467085663160932	1	NaN	NaN	NaN	NaN	NaN	NaN	NaN	NaN	NaN	NaN	4.4563837205398697e-10	2.4104843469653545e-11	2.354267286097037e-12	NaN	15.400992969313403	404.8786817766219	413.94411065355933	0	0	833.0488308075063	21.900127682996782	22.39048209986774	0.2	0	0.08136205541266209	2.0539689447034184	2.0999582995934847	0	1	NaN	NaN	NaN	NaN	9	307.71694117397726	302.05094694043544	96864.72339319199	1.107979221369387	1017.8592313638426	0.025925347070565014	0.07838948302053132	0.01522218030621377	2121.9188399193467	3971.474922916618	0.013738687524663312	53.428987494676846	1849.5560829972715	291.6037264706896	-0.4903328954934388	0.30867131934987574	0.2554933056603347	0.6332307328528721	-4.2171716413888065e-15	2.893569089616006e-14	0.6332307328528721	2.482541641641621	13.190980772478554	147.80901922752145	23.795651016351982	NaN	0.31816554592802637	0.3186969773000281	-143.7003475976942	-0.013939423484262619	0.36138339283459914	0.053386621927784525	0	21.15775173242378	-3.210770452523906	7.262771505874548	18.08532795751501	27.58126625083767	38.68311808568671	57.95435987938639	0.1103321703008927	1.0165664001873558	22.071254260089116	1.0226898785779424	48.4933301126768	1.093086990631008	0.32700553792409753	1.093086990631008	1.106695308344735	1.093086990631008	0.03517645416210351	1.3111490518724849	NaN	NaN	800000009	800000009	800000009	800000019	800000019	800001119	899999999	899999999	89999	89999	89	89	11	1	0	19	18	38	2	NaN	0	18000	0	0	0	0	0	0	0	NaN	NaN	NaN	NaN	0	68	0	0	0	0	0	0	0	0	0	0	18000	18000	18000	18000	100	NaN	0.3034158495858542	0.2641887682702371	0.06978933674396488	0.18945308287191445	0.12246961955877113	0.1034773549715931	7.232495578970727e-7	NaN	0.019570759416962184	0.008667604630439068	0.02933405177168756	0.000035176454162103504	NaN	15.40205241055004	833.1045112020631	99.8584042816162	100.76528582085501	98.95152632013955	1.8137583908273147	0.000292230742795962	66.00424880797247	200
DATA	2026-08-03T133000_AIU-1657.ghg	2026-08-03	14:00:00	215.583	1	18000	18000	0.27544265424610803	1	NaN	8.641811140812175	1	NaN	82.73556001384067	1	NaN	2.9493380517397525	1	NaN	1.8945632542634538	1	NaN	NaN	NaN	NaN	NaN	NaN	NaN	NaN	NaN	NaN	NaN	NaN	NaN	-3.317406857878622e-10	-1.889925825381552e-11	NaN	NaN	15.430747289129174	403.35563680193576	412.8424086278278	0	0	879.0892723152567	22.979160153200947	23.519621297744454	0.3	0	NaN	NaN	NaN	NaN	0	NaN	NaN	NaN	NaN	9	307.7504276394315	305.5198836629073	96896.88645609005	1.0954408928621446	1018.4693521661363	0.026405771629759326	0.1227676988762718	0.015681589572973154	2210.9448757361056	4837.091467422024	0.014315322419633826	45.70814694381727	2626.1465916859183	292.2612346844461	-0.48221037630490193	-0.5809173261665489	0.3016181326289619	0.8129977151182385	7.366020830524624e-14	-2.1498679200168783e-14	0.8129977151182385	6.1039695600054795	290.69553431846384	230.30446568153621	21.776998037400677	NaN	0.5014424801041198	1.1031443446985245	-1247.66363748122	-0.00160548078811037	0.10445098986900558	0.01544709204215899	0	25.360949270519573	-3.848621894969827	8.705593205425092	21.6781579948478	33.060558751724045	46.36790372642458	69.4675691205012	0.27149571778598336	1.0145377484857274	13.548148973694172	1.0217802682725505	75.67531703907078	1.0932965100248568	2.697656147894131	1.0932965100248568	1.7328906082581197	1.0932965100248568	NaN	1	NaN	NaN	800000009	800000009	800000009	800000019	800001009	800001019	899999999	899999999	89999	89999	89	89	8	2	7	2	10	2	6	NaN	0	18000	0	0	0	0	0	0	0	NaN	NaN	NaN	NaN	0	5796	0	0	0	0	0	0	0	6001	0	0	18000	18000	18000	18000	100	NaN	1.406166583754757	0.6899212291620139	0.11020087648027783	0.53485711429806	0.8884377632005229	1.8994338208311354	NaN	NaN	0.01214347686032748	0.07289702005927064	0.046826783883974585	NaN	NaN	15.431913491202508	879.2242873235793	99.98715121544733	100.85446239026389	99.11983413166472	1.734628448747935	0.00029072212796503054	39.1970796178317	158
DATA	2026-08-03T140000_AIU-1657.ghg	2026-08-03	14:30:00	215.604	1	18000	18000	0.39843040073436814	1	NaN	-44.02511971170302	2	NaN	-1.391741643303823	2	NaN	2.7111121579790476	2	NaN	-0.031767881247131445	2	NaN	-0.0293431048285541	1	NaN	NaN	NaN	NaN	NaN	NaN	NaN	NaN	NaN	NaN	-3.22759177168034e-10	-1.6974931213697963e-11	-1.7079902550917719e-12	NaN	15.32108181808812	403.01363710668073	411.74079973856595	0	0	805.7844001940964	21.195768399504033	21.654757626911444	0.1	1	0.08107672931987489	2.0480523857356188	2.0924024637559415	-0.2	0	NaN	NaN	NaN	NaN	9	308.46822973124176	302.2483556891547	96835.52669900174	1.1072190946494609	1017.4659322044243	0.025950112679312118	-0.0020585587048141175	0.014718539292039192	2053.053959064676	4017.05798266803	0.013293249152914037	51.10839743719826	1964.0040236033542	291.0783122864711	-0.2677486791184284	-0.11277622733936885	0.24201494382788694	0.37812572731638266	-1.9092061230660163e-13	-2.1066343813070918e-14	0.37812572731638266	3.9370687663308095	318.15908620654307	202.84091379345696	39.79467473007783	NaN	0.5998731874402627	0.8197927585657321	418.92512037932477	0.004781522765181161	31.63311231184605	-0.0651459844614918	0	23.62228109220965	-3.5847722910865345	8.108764683033053	20.19197058648332	30.794029181177315	43.18906377669975	64.70508761533291	0.39252930271748265	1.0150335222772724	-43.46090521319169	1.0218667832367647	-1.264096063208542	1.1009777530445666	2.4624586196060076	1.1009777530445666	-0.02885424447431638	1.1009777530445666	-0.011168016726913527	1.3880213932597896	NaN	NaN	800000009	800000009	800000009	800000009	800001019	810011119	899999999	899999999	89999	89999	89	89	1	5	0	12	24	18	12	NaN	0	18000	0	0	0	0	0	0	0	NaN	NaN	NaN	NaN	0	0	0	0	0	0	0	0	0	0	0	0	18000	18000	18000	18000	100	NaN	0.49208286448642574	0.9591503711531157	0.18835228149192285	0.46501655947827164	0.4421853707248062	0.47584795977732464	9.922933639733692e-8	NaN	-0.03857849881395045	0.06528522023673118	-0.0007649897912077925	-0.000011168016726913527	NaN	15.322149390756799	805.8298609091554	99.86001563602024	100.75067174699572	98.96936341751947	1.7813027930855756	0.0002925416394912948	65.40521945523153	005
DATA	2026-08-03T143000_AIU-1657.ghg	2026-08-03	15:00:00	215.624	1	18000	18000	0.3678290040574967	0	NaN	68.49146687761657	0	NaN	161.96825427922076	0	NaN	2.36771913330514	1	NaN	3.701507522593867	0	NaN	0.04272371848430292	2	NaN	NaN	NaN	NaN	NaN	NaN	NaN	NaN	NaN	NaN	2.1683249419692298e-10	1.1938200943251764e-11	1.1497533295095659e-12	NaN	15.219747947501846	402.1091781974201	411.2130341452751	0.1	1	837.9574748511059	22.139025740703556	22.64025901787652	0.3	0	0.0807026453380388	2.0507291345757146	2.0971581733580145	0.5	0	NaN	NaN	NaN	NaN	9	309.17578868103027	303.47376172722704	96821.12972894966	1.1021878301558246	1018.032150845728	0.026059196603711605	0.2398576874640826	0.015309192249853406	2144.1004613330315	4310.326147329801	0.013889821526780087	49.74334628160975	2166.2256859967692	291.7697811088744	1.0529267406860918	0.42096540915626735	0.14835238706782863	1.1436236390118337	1.2488096477010679e-14	1.4246786145529672e-14	1.1436236390118337	5.7763614303335	139.20822120313562	21.79177879686443	7.453489729385899	NaN	0.5776904390591895	1.4252294862604948	-240.51767645779853	-0.008328286009995052	0.42286969864812257	0.10566330298297771	0	16.34005421996809	-2.4796662682127963	5.609011850316971	13.96723258449193	21.300910970772353	29.874830507104118	44.757940006522304	0.3632110314099674	1.0127142962304931	77.36453873198263	1.0215487868238626	147.79015034701166	1.0959340246891884	2.160457728262096	1.0959340246891884	3.377491198563372	1.0959340246891884	0.007649736426531918	1.305817215591797	NaN	NaN	800000009	800000009	800000009	800000009	800001019	800001019	899999999	899999999	89999	89999	89	89	5	10	0	1	2	0	1	NaN	0	18000	0	0	0	0	0	0	0	NaN	NaN	NaN	NaN	0	0	0	0	0	0	0	0	0	0	0	0	18000	18000	18000	18000	100	NaN	1.5497554820049175	0.861755370788628	0.43894811972744413	0.2250432322806473	2.8170430430684243	0.36136007283161464	2.8529606491003733e-7	NaN	0.06894850204072855	0.05757478423628264	0.09000792955743456	0.000007649736426531918	NaN	15.22092744873472	838.0101116502806	99.76278350490993	100.69028703922694	98.83528500133087	1.8549973131020794	0.00029344968062165803	65.50089316474069	157
DATA	2026-08-03T150000_AIU-1657.ghg	2026-08-03	15:30:00	215.645	1	18000	18000	0.6827401492331692	0	NaN	14.601073598495319	2	NaN	190.82941034979564	0	NaN	1.0759605028850736	0	NaN	4.364004521908971	0	NaN	0.061258883021810616	0	NaN	NaN	NaN	NaN	NaN	NaN	NaN	NaN	NaN	NaN	-3.201684964674181e-10	-1.6798419226652433e-11	-1.6967833244410453e-12	NaN	15.156372423651804	401.75766301476165	410.40874838635636	0.2	0	795.215958899588	21.079193378818026	21.53309362334879	0.3	0	0.08032358046222574	2.0465877075378516	2.0906570722526587	0.5	0	NaN	NaN	NaN	NaN	9	309.4034513643053	304.1604076978895	96796.4602686632	1.099863746357383	1017.4525360747062	0.026124815128378425	0.2827874930197013	0.014539703700407483	2040.9386177563122	4482.654561431653	0.013219549920216244	45.52968759440802	2441.715943675341	290.9842815397424	0.8108766564731468	0.628551256770512	0.23405891646921784	1.052321819017109	-2.0263492555784697e-13	-2.1124348723959112e-14	1.052321819017109	5.98869791001101	123.21893714591795	37.781062854082066	12.85129474290544	NaN	0.7878767373876173	1.645231039431149	-2861.126741672574	-0.0007001087965886531	0.07651374896422487	0.0165605008209479	0	18.753178965626542	-2.8458672582613183	6.437359486896467	16.029935322455692	24.44666279488954	34.28679216883144	51.3678625404664	0.6739370144650078	1.0130622514852514	25.999298784595567	1.021490111527238	174.27276199267936	1.095004223079977	0.982608541781384	1.095004223079977	3.9853768870718147	1.095004223079977	0.034324590299374784	1.306259681848824	NaN	NaN	800000009	800000009	800000009	800000009	800000019	800000019	899999999	899999999	89999	89999	89	89	5	2	1	13	14	0	3	NaN	0	18000	0	0	0	0	0	0	0	NaN	NaN	NaN	NaN	0	0	0	0	0	0	0	0	0	0	0	0	18000	18000	18000	18000	100	NaN	1.802402484317172	0.9094496726827741	0.5786099218623518	0.16098958302121746	0.0913378624588066	1.168560042163005	2.2538235560094956e-7	NaN	0.023233176367086168	0.026223382522949888	0.10635981488451117	0.00003432459029937478	NaN	15.157395589496698	795.2555505805889	99.6561765891181	100.61941406885782	98.692968381034	1.9264104370077448	0.0002948145279919521	65.43046605809529	250
DATA	2026-08-03T153000_AIU-1657.ghg	2026-08-03	16:00:00	215.666	1	18000	18000	0.3749916456839917	1	NaN	-37.12059939214805	1	NaN	165.3553917005893	1	NaN	-0.7389220865035121	1	NaN	3.781227527670612	1	NaN	0.06784608504851367	1	NaN	NaN	NaN	NaN	NaN	NaN	NaN	NaN	NaN	NaN	7.070507374178352e-11	3.6230643774542746e-12	3.7459936727893625e-13	NaN	15.193421692217706	401.97599536356273	410.43004385829863	-0.1	0	778.5402375188368	20.59802546437047	21.031227218157028	0.1	0	0.08049558329423577	2.050039767769873	2.0931546199320987	1	0	NaN	NaN	NaN	NaN	9	309.4457206878662	304.1004446526046	96782.40763942481	1.100122644603692	1017.1796320098866	0.026123457335978095	0.24502354379305563	0.014208549062012635	1994.0612394395794	4467.370713004438	0.01291542277736781	44.63612642745099	2473.3094735648583	290.6157770675451	0.5950983993584374	-0.2262338716834932	0.03323294647415066	0.6375172925866919	9.84283172035373e-14	4.653663616669029e-15	0.6375172925866919	7.758924190700516	181.8149075275445	339.18509247245544	2.9881087506745687	NaN	0.583835157787918	1.2876686392353267	457.84758304809355	0.004375036746212525	-0.22448980350978032	-0.05681800448111244	0	20.678879305291353	-3.1380997142049125	7.098390097929558	17.675995009287387	26.95700767743341	37.8075865603614	56.642654111716496	0.3705061330324036	1.012106446430121	-26.60501100060281	1.0206786437683442	150.24897263637183	1.1005425780898856	-0.6714161734532741	1.1005425780898856	3.43578486007634	1.1005425780898856	0.050966335341236284	1.3816066599247054	NaN	NaN	800000009	800000009	800000009	800000019	800001019	810101019	899999999	899999999	89999	89999	89	89	4	20	1	9	48	8	5	NaN	0	18000	0	0	0	0	0	0	0	NaN	NaN	NaN	NaN	0	21	0	0	0	0	0	0	0	0	0	0	18000	18000	18000	18000	100	NaN	0.7539419311369305	1.5725557106551513	0.24883963667857162	0.14858046171796777	0.20400676706460044	0.4208296386760165	4.128467640980108e-7	NaN	-0.023775227614171366	-0.01790869445547936	0.09164274515074838	0.000050966335341236285	NaN	15.194489206722816	778.5922696287223	99.68443343310885	100.64068801392449	98.72817440711127	1.9125171246263746	0.0002941384725628368	65.41973907484035	055
DATA	2026-08-03T160000_AIU-1657.ghg	2026-08-03	16:30:00	215.687	1	18000	18000	0.5165185445599006	1	NaN	-15.57647873555767	2	NaN	238.70021295449038	1	NaN	3.1826462194774945	1	NaN	5.4548253543769905	1	NaN	0.09328660690971223	1	NaN	NaN	NaN	NaN	NaN	NaN	NaN	NaN	NaN	NaN	6.209970386150093e-10	3.328968302811551e-11	3.304714606884238e-12	NaN	15.176182526219492	400.1651448098882	408.93750245015525	0.2	0	813.5470452506943	21.451585114369248	21.921843404014336	0.2	0	0.08076198267063155	2.051270696553565	2.096238331542656	0.2	0	NaN	NaN	NaN	NaN	9	309.444003827413	303.4249464213053	96788.24933333334	1.1022796602499578	1017.6421540087932	0.026063856118099422	0.35347268296362894	0.014831173431613569	2076.8183037778986	4298.297194941472	0.013455000547003096	48.31723376927122	2221.4788911635737	291.26134921761354	-1.035819822322421	-1.684267442441609	0.7241213577591973	2.1057139555856854	6.209283075500445e-14	4.091918620128145e-14	2.1057139555856854	7.285802440176674	282.5914008087011	238.40859919129883	20.113686438523235	NaN	0.6845372131702685	1.8217102263038154	1758.9841633597086	0.0011387822822543343	-0.06525540359918916	-0.02028548248976448	0	22.361527927747844	-3.393448134362617	7.675988919587349	19.114297743871006	29.150510099122954	40.88400489546519	61.25168937452066	0.5106647367813963	1.0114631133831553	-1.133228621626999	1.0251905750784047	212.7213378973141	1.1221263241100756	2.836263753104228	1.1221263241100756	4.861150867931957	1.1221263241100756	0.06114316260243345	1.3796780395126167	NaN	NaN	800000009	800000009	800000009	800000009	800001019	810001119	899999999	899999999	89999	89999	89	89	2	3	1	30	27	10	17	NaN	0	18000	0	0	0	0	0	0	0	NaN	NaN	NaN	NaN	0	0	0	0	0	0	0	0	0	0	0	0	18000	18000	18000	18000	100	NaN	2.1643096404702034	1.1977931470561178	0.28131766508130945	0.027078942125208987	1.2032188456834467	0.8732039638853055	0.000002038379593583803	NaN	-0.0010102541719719475	0.07554496430346593	0.12947860310584688	0.00006114316260243345	NaN	15.177148891011466	813.6003961920278	99.74328613535565	100.67246298599244	98.81410711881851	1.8583575626015734	0.0002931333645602636	65.65414721552531	113
DATA	2026-08-03T163000_AIU-1657.ghg	2026-08-03	17:00:00	215.708	1	18000	18000	0.9888122372240702	1	NaN	-575.9868418261558	1	NaN	1366.354613934527	1	NaN	14.227013011711506	1	NaN	31.31905143234389	1	NaN	NaN	NaN	NaN	NaN	NaN	NaN	NaN	NaN	NaN	NaN	NaN	NaN	1.8504720959318267e-9	1.0533050802225503e-10	NaN	NaN	15.184881586955006	398.547328854775	407.79850979953346	0	0	864.3368875045612	22.685666382905968	23.212251782847666	0.1	0	NaN	NaN	NaN	NaN	0	NaN	NaN	NaN	NaN	9	308.7370328445436	306.5277493953082	96992.64896274796	1.0930372004305253	1018.335439562487	0.026464270421724265	2.029474532815884	0.015447080486626049	2185.0689899506247	5118.917100201588	0.014132255041769626	42.68615699724018	2933.8481102509636	292.07255576324405	-0.94080841994679	-1.4199855101675756	0.7424430777387954	1.8581445196244015	-5.389924883095027e-14	1.2186279394641616e-13	1.8581445196244015	6.3175770954117025	284.5263805960883	236.47361940391164	23.55077081852884	NaN	0.9511290464145085	2.0221066309068245	127.83247656582398	0.01566972692552472	-0.42155003975692357	-0.5440606504791248	0	24.32854795497996	-3.6919510123069244	8.35120324225912	20.795676878166088	31.714719367571718	44.480344854106626	66.63966197150846	0.9773144216282404	1.0117647047269331	-484.71464892028564	1.0254301328334343	1215.1971601539026	1.1243892421222252	12.653103105877081	1.1243892421222252	27.854278802268542	1.1243892421222252	NaN	1	NaN	NaN	800000009	800000019	800000009	800000019	800000009	800001009	899999999	899999999	89999	89999	89	89	13	4	0	6	14	8	10	NaN	0	18000	0	0	0	0	0	0	0	NaN	NaN	NaN	NaN	0	6035	0	0	0	0	0	0	0	5996	0	0	18000	18000	18000	18000	100	NaN	2.2851546770672497	1.3191676788852214	0.43989090586117835	1.3651943092871694	0.8181304247148099	3.943914580364637	NaN	NaN	-0.435472108301283	0.34257268539793334	0.7541324060406785	NaN	NaN	15.186593016410328	864.6059840357248	99.91307248730133	100.80130411571925	99.02485051388213	1.7764473930862212	0.0002917909673091746	38.57882729831063	237
DATA	2026-08-03T170000_AIU-1657.ghg	2026-08-03	17:30:00	215.729	1	18000	18000	0.08107257624908223	0	NaN	-51.143004858012326	2	NaN	161.27247801370143	2	NaN	-2.6030283292661256	0	NaN	3.6814416251443243	2	NaN	NaN	NaN	NaN	NaN	NaN	NaN	NaN	NaN	NaN	NaN	NaN	NaN	1.097001987355592e-9	7.836495206363329e-11	NaN	NaN	15.256888797209779	395.9973630585607	407.5255659455108	0.1	1	1089.884405875715	28.288293668651495	29.111817305826857	0.1	1	NaN	NaN	NaN	NaN	0	NaN	NaN	NaN	NaN	9	305.0324356341892	302.31456331140424	97063.64516474897	1.1067825266227171	1021.3661424251324	0.026127595615826654	0.2385574173093522	0.019510217018759563	2721.807388124851	4026.6998788540764	0.01762786866385925	67.59399682152191	1304.8924907292253	295.63857959742677	0.3150530609196698	0.2367568491553137	0.19596320206268525	0.44012931438323144	-2.7110697943104832e-14	7.190207662496791e-14	0.44012931438323144	3.017073243401862	124.07578026723252	36.92421973276751	26.438698715713485	NaN	0.2706486342441105	0.30076642902713635	33.218731774547436	0.06030031530387314	-0.31712171529767963	-0.16716165021416923	0	13.73429226154727	-2.0842318379284612	4.71453809232744	11.739866454420675	17.90403708405549	25.110666581959336	37.62035430232352	0.0798898482904379	1.014804483722945	-40.84924479287136	1.024953644148163	144.06229641630097	1.119463468412774	-2.32524633694105	1.119463468412774	3.2885768307955945	1.119463468412774	NaN	1	NaN	NaN	800000009	800000019	800000009	800000019	800000009	800000009	899999999	899999999	89999	89999	89	89	11	2	0	4	4	0	1	NaN	0	18000	0	0	0	0	0	0	0	NaN	NaN	NaN	NaN	0	8964	0	0	0	0	301	0	0	12005	0	21	18000	18000	18000	18000	100	NaN	0.2755038952604452	0.17728048360750662	0.1487484791863209	0.5997637288948859	1.297043709169974	0.6903464414022956	NaN	NaN	-0.03613601689249166	-0.06250585203404257	0.0884015140773024	NaN	NaN	15.258049834111679	1089.9524910265216	100.14407603263854	100.98334850819906	99.30480666330126	1.678539495097274	0.00028866208762822994	24.25511186815384	203
DATA	2026-08-03T173000_AIU-1657.ghg	2026-08-03	18:00:00	215.749	1	18000	18000	0.04824318233304465	0	NaN	-18.53232550056884	2	NaN	80.60850916918882	1	NaN	2.2726530451152764	1	NaN	1.8369788282620352	1	NaN	0.04861736292468189	1	NaN	NaN	NaN	NaN	NaN	NaN	NaN	NaN	NaN	NaN	-1.702851661163089e-10	-1.1299637523334405e-11	-9.10809497327793e-13	NaN	15.200018641706887	395.62753824144255	406.2938546354994	0.1	1	1008.6298467237067	26.252714069785718	26.960500377371194	0.1	1	0.08130080648933405	2.042499088004167	2.097565885437083	0.4	0	NaN	NaN	NaN	NaN	9	306.55004751671675	300.5785489243949	96858.93351648447	1.1114924753329098	1020.3045725380786	0.025800511785855164	0.11903622807137987	0.018335834559005747	2543.4919685469067	3645.452260608552	0.016496589015156285	69.77164386517875	1101.9602920616453	294.5281229876586	-0.24218683089073798	0.18702034677535045	0.12808468459415448	0.331717888562585	-1.9757270271460437e-14	-1.120295771539835e-14	0.331717888562585	2.9078890364205074	18.6758646676833	142.32413533231673	22.713620919428678	NaN	0.2083361866113796	0.34808998551346143	41.73205222369329	0.04799907728627695	-0.22990532502804922	-0.07843842217717012	0	14.843147180405643	-2.252504849854876	5.095172103477682	12.687698961318139	19.34954146171179	27.13800702477014	40.65767971545163	0.047470321468312954	1.0162809275527571	-13.460793870386663	1.0246864003854879	72.33419838227717	1.1143900253540235	2.039369514630474	1.1143900253540235	1.6484164309335567	1.1143900253540235	0.03498246182760751	1.442869219952124	NaN	NaN	800000009	800000009	800000009	800000019	800000019	800000019	899999999	899999999	89999	89999	89	89	6	0	0	2	8	1	2	NaN	0	18000	0	0	0	0	0	0	0	NaN	NaN	NaN	NaN	0	2	0	0	0	0	0	0	0	3001	0	0	18000	18000	18000	18000	100	NaN	0.37719336019604555	0.24639757915506683	0.07258903167581057	0.40041674658809423	1.1396410689097083	1.0878874927714355	2.2703424855723353e-7	NaN	-0.011869551631151842	0.054035742618840844	0.04367693316565716	0.00003498246182760751	NaN	15.201150820198192	1008.6807518393184	100.110288406584	100.96614192559983	99.25444398816427	1.7117015637291808	0.0002894904019776731	47.06304855784519	005
DATA	2026-08-03T180000_AIU-1657.ghg	2026-08-03	18:30:00	215.77	1	18000	18000	0.06920829673324068	1	NaN	-5.736519577204706	1	NaN	59.24897544399512	0	NaN	-0.2744635377840164	2	NaN	1.3495560991067759	0	NaN	0.03873858082831342	0	NaN	NaN	NaN	NaN	NaN	NaN	NaN	NaN	NaN	NaN	3.544631601202333e-11	2.4289006561069616e-12	1.8888849112208345e-13	NaN	15.343572080371521	399.27792679264513	410.5094087690683	0.1	1	1051.39310613824	27.359864930017732	28.129483807543235	0.1	1	0.08176376291689186	2.0503694400951016	2.1080452740597386	0.6	0	NaN	NaN	NaN	NaN	9	306.83767178175185	300.07410778022756	96878.52426053133	1.1131152713447676	1020.9304071971163	0.025752003874208576	0.08745123522211908	0.019145103305149534	2651.2943293093745	3539.249803731297	0.01719956935099822	74.91119520623312	887.9554744219226	295.207297001985	0.10590250946967425	0.38640920811724994	0.10945741566095513	0.4153412373855493	4.9146637731015367e-14	2.3101736561962992e-15	0.4153412373855493	2.1601703350922907	86.32660944050849	74.67339055949154	15.27998658272499	NaN	0.2493497918363051	0.27781279188614727	231.2221420287053	0.008663097670599916	-0.09682057004727668	-0.020244319836219236	0	16.23033237085693	-2.463015554300575	5.571347890111068	13.8734439981442	21.157877458887846	29.67422397293998	44.457394863047774	0.06822841549697954	1.0143617762353652	-2.102779249075704	1.0214597567963635	53.85672161814189	1.1001222069194205	-0.24948459003711368	1.1001222069194205	1.2267328944170885	1.1001222069194205	0.027136887996729243	1.384430854847692	NaN	NaN	800000009	800000009	800000009	800000019	800000019	800000019	899999999	899999999	89999	89999	89	89	0	0	0	0	3	0	1	NaN	0	18000	0	0	0	0	0	0	0	NaN	NaN	NaN	NaN	0	12	0	0	0	0	0	0	0	0	0	0	18000	18000	18000	18000	100	NaN	0.19132769052074355	0.2811299325683386	0.0831679606832124	0.2990452783301436	20.32888231186717	1.3563649718977633	3.7919895822788335e-7	NaN	-0.0018503649893258734	-0.0066055022564652545	0.032479709071196704	0.00002713688799672924	NaN	15.344593661209903	1051.42579786605	100.08659384812248	100.94207610257466	99.23112728669909	1.7109342004259438	0.00028933253039334285	60.81674538249787	145
DATA	2026-08-03T183000_AIU-1657.ghg	2026-08-03	19:00:00	215.791	1	18000	18000	0.13821018725507142	1	NaN	-21.111217216895323	1	NaN	81.2640268939344	0	NaN	-5.324164549846536	1	NaN	1.852213207439696	0	NaN	0.05291728193667997	1	NaN	NaN	NaN	NaN	NaN	NaN	NaN	NaN	NaN	NaN	1.2587316806702367e-10	8.498284805374312e-12	6.667872940715173e-13	NaN	15.467887810733378	403.4013410440028	414.69579095404396	0.1	1	1044.3092675890748	27.235506499975006	27.998047504778	0.1	1	0.08193796356050188	2.0607845480618017	2.118482491735548	0.5	0	NaN	NaN	NaN	NaN	9	307.50788082800966	300.74266880527074	96910.92905530971	1.1110650658112209	1020.8727537828347	0.02580074892296192	0.1200234158420923	0.019022077111171952	2640.1262342063637	3680.598348449382	0.017120578890025114	71.73089764925413	1040.472114243018	295.13807022187615	0.2698702386985529	0.26132311880212505	0.11708670065398781	0.3934831808675885	6.083943715176312e-14	8.137708884834202e-15	0.3934831808675885	3.3117745053455065	116.92183314075157	44.078166859248455	17.31139130999063	NaN	0.35269579459656525	0.41165614477796203	177.84360458857338	0.011263266984685829	-0.2597855167139284	-0.052771797497616575	0	16.285336292666326	-2.471362611641639	5.59022895654387	13.920460523219877	21.229580626192732	29.77478868460866	44.608059126417224	0.13619743906016732	1.0147781647642797	-15.948505791226971	1.0220461382603854	73.7038715909212	1.102574737796331	-4.828846850316665	1.102574737796331	1.6798981002790208	1.102574737796331	0.039902026088173566	1.394511819326873	NaN	NaN	800000009	800000009	800000009	800000019	800000019	801000019	899999999	899999999	89999	89999	89	89	4	11	0	4	0	0	1	NaN	0	18000	0	0	0	0	0	0	0	NaN	NaN	NaN	NaN	0	7	0	0	0	0	0	0	0	0	0	0	18000	18000	18000	18000	100	NaN	0.2926181569741918	0.36570121542285183	0.16499291715888045	0.2455412010446156	16.03021622279384	3.260915211708812	0.00000169945128804419	NaN	-0.014060763214699096	-0.12807704402170952	0.044556472717148375	0.000039902026088173565	NaN	15.46894707211627	1044.3981245926689	100.04043086242675	100.90470984077453	99.1761259981791	1.728609942919673	0.00028985262478494817	55.07764287574659	234
DATA	2026-08-03T190000_AIU-1657.ghg	2026-08-03	19:30:00	215.812	0	18000	18000	0.07000575520363174	1	NaN	70.19720456311089	0	NaN	-115.36890754153681	0	NaN	-15.921424627159213	1	NaN	-2.631203690515345	0	NaN	0.054534550392128005	1	NaN	NaN	NaN	NaN	NaN	NaN	NaN	NaN	NaN	NaN	-5.904508901485467e-10	-3.7663531135405846e-11	-3.0913719166784692e-12	NaN	15.589548044170066	407.1300261307684	417.98505903611004	0.1	1	994.4221237447646	25.96990650903591	26.662324585843844	0.1	1	0.08162082879633323	2.0575985856733037	2.1124589470318984	-0.5	0	NaN	NaN	NaN	NaN	9	307.8977669414944	301.38836568298416	96979.55910971898	1.1100063292642115	1020.1608542728934	0.02583784557582313	-0.17050199914539435	0.01811210311392925	2519.225657765742	3821.753562657676	0.016317116971697986	65.91805610861664	1302.5279048919338	294.37177232182603	0.41564214871020844	0.09312876087287449	0.12953488734059518	0.4452085454306822	-5.262911423717068e-14	-3.787479203858988e-14	0.4452085454306822	3.635531950063734	148.37089215675758	12.629107843242405	16.915036223700646	NaN	0.25113320830903385	0.3841001008348607	-19.313892401233208	-0.10371291080984278	-0.6084586051734733	0.2468434245590648	0	12.755925752232445	-1.9357609455777867	4.378696529574608	10.903573477388907	16.628637527165825	23.321900568937835	34.94045685897287	0.06859551689683029	1.0205587532625855	62.06509188007649	1.0249790586727883	-105.38057089429861	1.0947834744343619	-14.542989549038712	1.0947834744343619	-2.4034009938584435	1.0947834744343619	0.030857480574989837	1.316847396778851	NaN	NaN	800000009	800000009	800000009	800000019	800000019	801000019	899999999	899999999	89999	89999	89	89	29	2	0	2	2	2	1	NaN	0	18000	0	0	0	0	0	0	0	NaN	NaN	NaN	NaN	0	12	0	0	0	0	0	0	0	0	0	0	18000	18000	18000	18000	100	NaN	0.23351383736592848	0.3806281358367618	0.15405822846703107	0.2498418136378504	28.540520783123906	2.0713776025089903	6.124112040917972e-7	NaN	0.05480917850375479	-0.38578089947991717	-0.06375485549894547	0.000030857480574989837	NaN	15.590551510129524	994.46176755473	99.94287318441602	100.83404183853997	99.05171284527248	1.7823222700423664	0.00029073051079305727	55.456973834938466	247
DATA	2026-08-03T193000_AIU-1657.ghg	2026-08-03	20:00:00	215.833	0	18000	18000	0.11365475752559594	0	NaN	-11.602870775736584	2	NaN	217.58313366370524	0	NaN	3.8721364740278656	0	NaN	4.966128432581288	0	NaN	0.020621911025569845	0	NaN	NaN	NaN	NaN	NaN	NaN	NaN	NaN	NaN	NaN	4.753885900566356e-10	2.7214771304711065e-11	2.5717565523369197e-12	NaN	15.345350313399225	401.5850846894406	411.0346525107267	0.2	0	878.4817475743009	22.989710876115296	23.530674274403886	0.4	0	0.08301525539703895	2.0974025930918314	2.146755890332165	0.6	0	NaN	NaN	NaN	NaN	9	308.41916786617696	302.16117324659575	97014.29056835937	1.1088243801898392	1018.4802550402566	0.025894824150696057	0.32180512243126747	0.01599835529582395	2230.9287535622475	3996.8711425407523	0.014428213864746471	55.81687960408148	1765.9423889785048	292.4056306049641	-1.1519625517429752	-0.6292261925829721	0.7167654250697306	1.495558757329938	1.0350843727300495e-13	3.097932470407904e-14	1.495558757329938	3.659616907015065	312.35570409084573	208.6442959091543	28.6372543621116	NaN	0.32015657603807307	0.5683889766782289	242.0404687085393	0.008275888782929505	-0.0533261497817652	-0.032091324974533104	0	18.559757402240606	-2.8165147897923353	6.370964123298911	15.864601479232212	24.194518252035053	33.9331558623183	50.83805091233752	0.11230546174613704	1.012014516110614	1.6906127472971764	1.0223082484544144	197.7248009623448	1.1004342025113092	3.518735118547964	1.1004342025113092	4.5128808439869	1.1004342025113092	0.0073976587452581405	1.305167180212291	NaN	NaN	800000009	800000009	800000009	800000009	800011019	800011119	899999999	899999999	89999	89999	89	89	25	3	1	24	18	3	11	NaN	0	18000	0	0	0	0	0	0	0	NaN	NaN	NaN	NaN	0	0	0	0	0	0	0	0	0	0	0	0	18000	18000	18000	18000	100	NaN	0.598730724143987	0.4399965329732896	0.09805069623918113	0.11034303096951047	8.926344001548774	1.4310542017633643	3.476395252994115e-7	NaN	0.0014970239863954474	0.09326166086788502	0.11961081145055337	0.00000739765874525814	NaN	15.346405565927434	878.4973427220759	99.91075986501906	100.80072908359104	99.0208076341417	1.7799081209831742	0.00029146955469817225	56.37638911321428	099
DATA	2026-08-03T200000_AIU-1657.ghg	2026-08-03	20:30:00	215.854	0	18000	18000	0.12247425756047502	1	NaN	-0.024619894359156003	1	NaN	130.03461037284237	0	NaN	3.8660171304150155	1	NaN	2.9640666481657476	0	NaN	-0.005347572013395134	2	NaN	NaN	NaN	NaN	NaN	NaN	NaN	NaN	NaN	NaN	-1.5488298480015246e-10	-8.954727789751063e-12	-8.449243104004994e-13	NaN	15.415058122497895	401.2601863078597	410.79022918609616	0.2	0	891.2383082510421	23.19929297519674	23.750282742790496	0.1	1	0.08409288709628696	2.112051844307216	2.1622136727769443	-0.6	0	NaN	NaN	NaN	NaN	9	308.4713494279649	300.8286896040431	97035.21194968444	1.1138869053872793	1018.566446864916	0.025775073554380464	0.19207151880114043	0.01621920751046032	2251.7521576350846	3699.137175356029	0.014560910476653085	60.872361604658835	1447.3850177209442	292.5548913257546	-1.2142152680803464	-0.7663027257001009	0.7683312365561551	1.628456776743782	-7.021910976547343e-15	-1.0047512216259801e-14	1.628456776743782	4.125089557351422	308.74358956804576	212.25641043195424	28.15221276177007	NaN	0.3315903311563417	0.5424050100945162	126751.89057212438	0.00001580331457746735	-0.0001893333958441102	-0.00006544159297683254	0	19.03056588609804	-2.8879617936084565	6.532577440466427	16.267041490034185	24.80826466094697	34.79394392747412	52.12766829006332	0.12103035763407062	1.0119300641147402	7.797637708132015	1.0227507075195768	117.95501221969066	1.1024085193654467	3.506882487301821	1.1024085193654467	2.6887189241533465	1.1024085193654467	-0.011304946835670519	1.3052375835387164	NaN	NaN	800000009	800000009	800000009	800000019	800001019	800101019	899999999	899999999	89999	89999	89	89	16	2	5	37	20	5	10	NaN	0	18000	0	0	0	0	0	0	0	NaN	NaN	NaN	NaN	0	16	0	0	0	0	0	0	0	0	0	0	18000	18000	18000	18000	100	NaN	0.2234439301830683	0.762571985937499	0.09879410406846524	0.02015370180894327	1.7721840342513193	0.34345126677411175	2.5694269982281465e-7	NaN	0.006872782322584697	0.09253753530739278	0.07094832041746763	-0.000011304946835670519	NaN	15.416115049614074	891.2893969352866	100.02848037423027	100.86350810368856	99.19343447536892	1.6700901009705384	0.0002896204222310594	62.32877442883633	160
DATA	2026-08-03T203000_AIU-1657.ghg	2026-08-03	21:00:00	215.874	0	18000	18000	0.11642459445302955	1	NaN	-68.17144864017335	1	NaN	183.8611070988619	1	NaN	35.84052701776211	1	NaN	4.186950403062591	1	NaN	-0.04066410492208713	1	NaN	NaN	NaN	NaN	NaN	NaN	NaN	NaN	NaN	NaN	-5.420254410553869e-10	-3.2468583279439875e-11	-2.871004652944657e-12	NaN	15.95196335595685	413.5231119368357	424.0266746588831	0	0	955.5596683524172	24.7709951985857	25.40018300996884	0.5	0	0.08449448595877788	2.1139545253996745	2.1676493572195783	-0.8	0	NaN	NaN	NaN	NaN	9	307.7206968866983	299.8322834472657	97065.39353754341	1.117265922032384	1019.4402275295948	0.025681713262887953	0.2713143861184559	0.01738097986522005	2405.0513538306527	3489.3002795150524	0.015556708141247919	68.92646551373646	1084.2489256843996	293.61794693157566	-0.20299706326889944	-0.08038734365906244	0.1409324412380811	0.2598689779670403	-1.138409084070096e-14	-3.3978603696640355e-14	0.2598689779670403	2.513892421927588	319.39631066447237	201.60368933552758	32.841789351648195	NaN	0.32280785251197885	0.5127080005848272	42.25452001988978	0.04740557930979013	-0.3707768854210023	-0.1854129708756083	0	24.60330057095692	-3.7336457817838045	8.445516924342076	21.030531281883928	32.0728871516639	44.98268026396496	67.39225195297279	0.11433055330791825	1.0183156740217252	-56.08539195909835	1.0259652029202009	164.5899651375777	1.1170857648895895	32.08395285683773	1.1170857648895895	3.7481011169061125	1.1170857648895895	-0.02176516667880561	1.452964765781858	NaN	NaN	800000009	800000009	800000009	800000009	800000019	800011019	899999999	899999999	89999	89999	89	89	2	4	0	7	0	0	0	NaN	0	18000	0	0	0	0	0	0	0	NaN	NaN	NaN	NaN	0	0	0	0	0	0	0	0	0	0	0	0	18000	18000	18000	18000	100	NaN	0.6582996636984961	0.3178487476474335	0.04926758982372503	0.4554837066635561	190.50645886958182	1.5127944331852319	2.925835520291544e-7	NaN	-0.04924151880581383	0.84490564531664	0.09870329279631365	-0.00002176516667880561	NaN	15.95353549509241	955.6574350215568	100.09653415489197	100.91311026318868	99.27995190684001	1.6331689933737095	0.00028805237310007217	54.77739005728857	122
DATA	2026-08-03T210000_AIU-1657.ghg	2026-08-03	21:30:00	215.895	0	18000	18000	0.11655695825615778	1	NaN	82.12144471819067	1	NaN	-192.31800027452687	1	NaN	-44.71639103353298	1	NaN	-4.375038649098685	1	NaN	0.0932035583630103	1	NaN	NaN	NaN	NaN	NaN	NaN	NaN	NaN	NaN	NaN	3.8235917871586086e-10	2.2684194859245258e-11	1.9683439582506382e-12	NaN	16.483426354963086	425.38011770113025	436.3931512549175	0.1	1	977.911022405099	25.236494940668855	25.889864371905038	0.1	1	0.08485490733091969	2.113244604923149	2.1679562211292693	-0.6	0	NaN	NaN	NaN	NaN	9	306.9288248375786	298.7758332045561	97095.0615163775	1.1213599119788524	1019.6845240819523	0.025583404948393666	-0.28350250446159475	0.01777564978313124	2450.996306227476	3278.2193920652567	0.01585186842622431	74.76608527665881	827.2230858377807	293.9249863674525	0.24951561330630082	-0.25185152966504554	0.015698001438223492	0.3548713309460757	-4.2113654870660444e-14	2.319658367635041e-14	0.3548713309460757	2.3048822294656808	206.26694445801945	314.73305554198055	2.5353494168273314	NaN	0.32240115539287245	0.2858095628274246	-34.95411103191242	-0.057306563973868734	-0.42700862426275926	0.22276611828916656	0	24.205562379411447	-3.673287476733015	8.30898627397398	20.69055065793581	31.554395248654615	44.25548799772985	66.30278542637214	0.11383085612783651	1.0239487097001163	69.04143917791804	1.0271014601130546	-175.31599506057955	1.0969792015159392	-40.763207699597615	1.0969792015159392	-3.9882603453672822	1.0969792015159392	0.06162895094167701	1.3217143965378289	NaN	NaN	800000009	800000009	800000009	800000019	800000019	800000019	899999999	899999999	89999	89999	89	89	3	7	0	3	0	1	0	NaN	0	18000	0	0	0	0	0	0	0	NaN	NaN	NaN	NaN	0	18	0	0	0	0	0	0	0	0	0	0	18000	18000	18000	18000	100	NaN	0.12645360986067403	0.3939782652862123	0.05118725050796275	0.2401469186571839	110.25959602131047	1.0022872459418652	4.069211127528323e-7	NaN	0.06038081650178429	-1.0698686261378687	-0.10467563416066386	0.000061628950941677	NaN	16.484565075254856	977.9701753755451	100.17833767403496	100.96068885972765	99.39596574783326	1.564736130078635	0.00028721928135039184	57.187563799837285	247
DATA	2026-08-03T213000_AIU-1657.ghg	2026-08-03	22:00:00	215.916	0	18000	18000	0.009103232214619941	1	NaN	-1.549254357353249	2	NaN	4.148550904775908	1	NaN	17.153154839195903	1	NaN	0.09431840489325248	1	NaN	-0.017496948034929103	1	NaN	NaN	NaN	NaN	NaN	NaN	NaN	NaN	NaN	NaN	-4.597201695373683e-10	-2.660871518250928e-11	-2.277517247636992e-12	NaN	17.141810117568944	441.3405200710386	452.9100607431059	0.2	0	992.1721372156854	25.544896602837035	26.214544429786404	0.1	1	0.0849228961125843	2.109219146986665	2.164511366027503	1.4	0	NaN	NaN	NaN	NaN	9	306.4415777655707	298.1548556942411	97141.79705208333	1.1241039177391592	1019.8492883636544	0.02551794948690172	0.00611183263708276	0.018039029542967124	2482.1427914892283	3159.415612395814	0.016047475022814537	78.56335145495456	677.2728209065858	294.1302764770515	0.26316618323360547	-0.2223824207542859	0.11133858066152098	0.3620865374493297	-1.4548883408030227e-15	-2.6818647878160367e-14	0.3620865374493297	2.622281704458906	201.19869852703027	319.8013014729697	17.90812948696673	NaN	0.0899900679904403	0.3960038388153998	40.308286846167384	0.04969449601380069	-0.3734447022380059	-0.015017086686519453	1	3.3799383769189584	2	3	6	11	22	84	0.008961848851928803	1.0157761378290495	-1.2795240271210557	1.0248985017331218	3.7146666583577486	1.1168030098856783	15.359158855554828	1.1168030098856783	0.08445393149764828	1.1168030098856783	-0.012214591503140823	1.452752120725012	NaN	NaN	800000009	800000009	800000009	800000009	800000019	800000019	899999999	899999999	89999	89999	89	89	3	1	0	5	5	1	1	NaN	0	18000	0	0	0	0	0	0	0	NaN	NaN	NaN	NaN	0	0	0	0	0	0	0	0	0	0	0	0	18000	18000	18000	18000	100	NaN	0.13253462528291426	0.5726816072167631	0.0867914451311223	0.10142346466534076	52.04146173595317	0.286442863518298	9.389819940853588e-8	NaN	-0.001116107398327894	0.4022114456411199	0.0022116014423185786	-0.000012214591503140824	NaN	17.14306252447016	992.2411527338531	100.21711381106907	100.98059469858805	99.45362130207485	1.5269668350749566	0.00028657278411750055	54.430097801602145	060
DATA	2026-08-03T220000_AIU-1657.ghg	2026-08-03	22:30:00	215.937	0	18000	18000	0.026623154328718483	0	NaN	-3.9275792167553134	2	NaN	46.639111801231046	0	NaN	15.445354995922397	1	NaN	1.059822119740307	0	NaN	0.019903036062546703	1	NaN	NaN	NaN	NaN	NaN	NaN	NaN	NaN	NaN	NaN	-4.876005500986258e-10	-2.7446463086786045e-11	-2.369081697156608e-12	NaN	17.486593439294133	449.2371731639584	460.8917585451662	0.1	1	984.2998356916211	25.28703359330243	25.943056535426706	0.1	1	0.0849612832763851	2.1049703568451	2.1595797218181296	0.8	0	NaN	NaN	NaN	NaN	9	305.9985070436266	297.6393756078084	97193.43118359376	1.1267602074163041	1019.6912750583813	0.02546029848590248	0.06867647335917189	0.017897368854926897	2458.392820397921	3063.665531646365	0.0158839198767643	80.24351206108389	605.272711248444	293.9739436463644	0.08295487565659641	-0.335518382116936	0.08118738332527686	0.3550288542424833	-6.343967233222746e-14	-2.7884250399676954e-14	0.3550288542424833	1.7271685377364838	237.11247616964056	283.88752383035944	13.219268323032304	NaN	0.1537142053658895	0.19371242222700066	79.2666724588097	0.025270393443611438	-0.08421213580340191	-0.022238769042753598	1	1.2295965314460715	1	1	2	4	7	23	0.026216219950569903	1.0155222369554362	-1.0934939806954829	1.0222608102108743	42.316197602214054	1.1021574348350902	14.013746591686695	1.1021574348350902	0.9615886861924426	1.1021574348350902	0.013258454211639535	1.3927821184054974	NaN	NaN	800000009	800000009	800000009	800000009	800000019	800000019	899999999	899999999	89999	89999	89	89	19	9	0	26	3	2	1	NaN	0	18000	0	0	0	0	0	0	0	NaN	NaN	NaN	NaN	0	0	0	0	0	0	0	0	0	0	0	0	18000	18000	18000	18000	100	NaN	0.20097848425254006	0.14132765285523077	0.04511870734623052	0.08091367818653278	26.27319423865669	0.34388325603199366	4.321526447817643e-7	NaN	-0.0009517353322480978	0.36605304982825754	0.025117656363923522	0.000013258454211639535	NaN	17.487790774382425	984.3659943489962	100.25670515590244	101.00197781329685	99.51146918890211	1.4904822067419696	0.0002858189602007366	55.44224663602687	084
DATA	2026-08-03T223000_AIU-1657.ghg	2026-08-03	23:00:00	215.958	0	18000	18000	0.11363321331965127	1	NaN	14.037293821513657	1	NaN	133.08745262264472	1	NaN	7.101810472043721	2	NaN	3.02474195650659	1	NaN	0.00854346937735111	2	NaN	NaN	NaN	NaN	NaN	NaN	NaN	NaN	NaN	NaN	4.90060329366515e-10	2.7560719614171693e-11	2.3694536591457025e-12	NaN	17.61170786310612	452.8908970643669	464.7276647287998	0	0	990.4726280725888	25.470331471100266	26.136024683116094	0.1	1	0.08515303757393525	2.1114199787269228	2.166604103407354	0	1	NaN	NaN	NaN	NaN	9	306.2430402323405	297.8019106987847	97199.28497417535	1.1261342552995586	1019.7997858549603	0.025472667686881844	0.19600327878162702	0.01801834761145224	2476.362086829154	3093.5792261215174	0.016000177178394463	80.04844569420706	617.2171392923633	294.0923463406623	-0.0421163277295735	-0.2746979499159089	0.1928482539654721	0.338264981644496	-2.9423676287195954e-14	2.7825826613506223e-14	0.338264981644496	2.24889710464141	259.7166368069445	261.2833631930555	34.757897832581264	NaN	0.31765636310365625	0.20370640252609806	-195.74800781676223	-0.010233054335220013	0.10547420921275658	0.03847873140487117	0	20.449788365836703	-3.103334280304168	7.019750591786971	17.480171519885946	26.658364500376457	37.38873525823063	56.01513853642429	0.11088780343592673	1.024758447716127	21.747344588958402	1.0276197905788969	121.258557784773	1.0975510104521227	6.4705971790032955	1.0975510104521227	2.7559010266507658	1.0975510104521227	-0.004175375967467441	1.322882515938653	NaN	NaN	800000009	800000009	800000009	800000009	800000019	800000119	899999999	899999999	89999	89999	89	89	8	0	0	6	0	0	3	NaN	0	18000	0	0	0	0	0	0	0	NaN	NaN	NaN	NaN	0	0	0	0	0	0	0	0	0	0	0	0	18000	18000	18000	18000	100	NaN	0.25656193794353044	0.0751066222252968	0.07574424488336888	0.03555122972754035	64.38233657348013	0.36637521882320895	0.000002071410548325225	NaN	0.018936562704556046	0.16913238512534884	0.0720354089293872	-0.000004175375967467441	NaN	17.612794559054894	990.524543389616	100.24316199747722	100.99473921818203	99.49157143274942	1.5031546083556275	0.00028604229646670223	54.17865963607363	115
DATA	2026-08-03T230000_AIU-1657.ghg	2026-08-03	23:30:00	215.979	0	18000	18000	0.06861174203496398	1	NaN	33.589925160907676	1	NaN	-12.89814080970846	1	NaN	-39.793417583125006	1	NaN	-0.2931249495346388	1	NaN	-0.020684228205984916	1	NaN	NaN	NaN	NaN	NaN	NaN	NaN	NaN	NaN	NaN	-2.8483175714179844e-10	-1.615078049880128e-11	-1.3738320347643239e-12	NaN	17.59683864972843	452.32678772719834	464.2335571726931	0.1	1	997.7914027441166	25.648230856059296	26.323378956445747	0.1	1	0.08487501846762388	2.1040949588983633	2.159481847861792	0	1	NaN	NaN	NaN	NaN	9	306.246192671034	297.74130588993125	97207.74550861554	1.1263850076776543	1019.9009463946919	0.025465267239939145	-0.018994496729844594	0.01814947094763876	2493.875474105955	3082.395584098724	0.016113026029224924	80.90705446670145	588.520109992769	294.20702330675	0.11123624170396777	-0.061836038361986194	0.12390382706718836	0.17762138235755887	4.017736647492169e-14	-1.618653002459588e-14	0.17762138235755887	2.73248743058446	190.06960844228183	330.93039155771817	44.2325842463626	NaN	0.24680604486088656	0.2386801252720433	-38.3713406063293	-0.05220302361991469	-2.604245499911465	0.11846999980392098	0	16.819860344129566	-2.5524786986581742	5.773713766237641	14.377363642896707	21.926386712554496	30.752069128385916	46.072203315008636	0.06600322403284728	1.039521069468039	31.883427193972743	1.0373656662401594	-11.62881513973972	1.1091534825100975	-35.8772867872799	1.1091534825100975	-0.2642780770712409	1.1091534825100975	-0.023611484173629627	1.3446297548144073	NaN	NaN	800000009	800000009	800000009	800000019	800000019	800010019	899999999	899999999	89999	89999	89	89	5	0	1	0	4	0	0	NaN	0	18000	0	0	0	0	0	0	0	NaN	NaN	NaN	NaN	0	2	0	0	0	0	0	0	0	0	0	0	18000	18000	18000	18000	100	NaN	0.043685485388734145	0.35914801434802224	0.0745267508073302	0.09129349892972757	230.92705966132263	0.27088492376274315	4.707148881282762e-7	NaN	0.02775365223213227	-0.9376810059110321	-0.0069071146493790495	-0.000023611484173629627	NaN	17.59801497724009	997.8563936060693	100.24071865908304	100.99227427079943	99.48915072631836	1.5031305966476598	0.0002863563883616331	61.55910415652677	027
