DATAH	filename	date	time	DOY	daytime	file_records	used_records	Tau	qc_Tau	rand_err_Tau	H	qc_H	rand_err_H	LE	qc_LE	rand_err_LE	co2_flux	qc_co2_flux	rand_err_co2_flux	h2o_flux	qc_h2o_flux	rand_err_h2o_flux	ch4_flux	qc_ch4_flux	rand_err_ch4_flux	none_flux	qc_none_flux	rand_err_none_flux	H_strg	LE_strg	co2_strg	h2o_strg	ch4_strg	none_strg	co2_v-adv	h2o_v-adv	ch4_v-adv	none_v-adv	co2_molar_density	co2_mole_fraction	co2_mixing_ratio	co2_time_lag	co2_def_timelag	h2o_molar_density	h2o_mole_fraction	h2o_mixing_ratio	h2o_time_lag	h2o_def_timelag	ch4_molar_density	ch4_mole_fraction	ch4_mixing_ratio	ch4_time_lag	ch4_def_timelag	none_molar_density	none_mole_fraction	none_mixing_ratio	none_time_lag	none_def_timelag	sonic_temperature	air_temperature	air_pressure	air_density	air_heat_capacity	air_molar_volume	ET	water_vapor_density	e	es	specific_humidity	RH	VPD	Tdew	u_unrot	v_unrot	w_unrot	u_rot	v_rot	w_rot	wind_speed	max_wind_speed	wind_dir	yaw	pitch	roll	u*	TKE	L	(z-d)/L	bowen_ratio	T*	model	x_peak	x_offset	x_10%	x_30%	x_50%	x_70%	x_90%	un_Tau	Tau_scf	un_H	H_scf	un_LE	LE_scf	un_co2_flux	co2_scf	un_h2o_flux	h2o_scf	un_ch4_flux	ch4_scf	un_none_flux	un_none_scf	spikes_hf	amplitude_resolution_hf	drop_out_hf	absolute_limits_hf	skewness_kurtosis_hf	skewness_kurtosis_sf	discontinuities_hf	discontinuities_sf	timelag_hf	timelag_sf	attack_angle_hf	non_steady_wind_hf	u_spikes	v_spikes	w_spikes	ts_spikes	co2_spikes	h2o_spikes	ch4_spikes	none_spikes	head_detect_LI-7200	t_out_LI-7200	t_in_LI-7200	aux_in_LI-7200	delta_p_LI-7200	chopper_LI-7200	detector_LI-7200	pll_LI-7200	sync_LI-7200	chopper_LI-7500	detector_LI-7500	pll_LI-7500	sync_LI-7500	not_ready_LI-7700	no_signal_LI-7700	re_unlocked_LI-7700	bad_temp_LI-7700	laser_temp_unregulated_LI-7700	block_temp_unregulated_LI-7700	motor_spinning_LI-7700	pump_on_LI-7700	top_heater_on_LI-7700	bottom_heater_on_LI-7700	calibrating_LI-7700	motor_failure_LI-7700	bad_aux_tc1_LI-7700	bad_aux_tc2_LI-7700	bad_aux_tc3_LI-7700	box_connected_LI-7700	mean_value_RSSI_LI-7200	mean_value_LI-7500	u_var	v_var	w_var	ts_var	co2_var	h2o_var	ch4_var	none_var	w/ts_cov	w/co2_cov	w/h2o_cov	w/ch4_cov	w/none_cov	co2_mean	h2o_mean	avg_signal_strength_7200_mean	co2_signal_strength_7200_mean	h2o_signal_strength_7200_mean	delta_signal_strength_7200_mean	flowrate_mean	rssi_77_mean	CHK
DATAU		[yyyy-mm-dd]	[HH:MM]	[ddd.ddd]	[1=daytime]	[#]	[#]	[kg+1m-1s-2]	[#]	[kg+1m-1s-2]	[W+1m-2]	[#]	[W+1m-2]	[W+1m-2]	[#]	[W+1m-2]	[µmol+1s-1m-2]	[#]	[µmol+1s-1m-2]	[mmol+1s-1m-2]	[#]	[mmol+1s-1m-2]	[µmol+1s-1m-2]	[#]	[µmol+1s-1m-2]	[µmol+1s-1m-2]	[#]	[µmol+1s-1m-2]	[W+1m-2]	[W+1m-2]	[µmol+1s-1m-2]	[mmol+1s-1m-2]	[µmol+1s-1m-2]	[µmol+1s-1m-2]	[µmol+1s-1m-2]	[mmol+1s-1m-2]	[µmol+1s-1m-2]	[µmol+1s-1m-2]	[mmol+1m-3]	[µmol+1mol_a-1]	[µmol+1mol_d-1]	[s]	[1=default]	[mmol+1m-3]	[mmol+1mol_a-1]	[mmol+1mol_d-1]	[s]	[1=default]	[mmol+1m-3]	[µmol+1mol_a-1]	[µmol+1mol_d-1]	[s]	[1=default]	[mmol+1m-3]	[µmol+1mol_a-1]	[µmol+1mol_d-1]	[s]	[1=default]	[K]	[K]	[Pa]	[kg+1m-3]	[J+1kg-1K-1]	[m+3mol-1]	[mm]	[kg+1m-3]	[Pa]	[Pa]	[kg+1kg-1]	[%]	[Pa]	[K]	[m+1s-1]	[m+1s-1]	[m+1s-1]	[m+1s-1]	[m+1s-1]	[m+1s-1]	[m+1s-1]	[m+1s-1]	[deg_from_north]	[deg]	[deg]	[deg]	[m+1s-1]	[m+2s-2]	[m]	[#]	[#]	[K]	[0=KJ/1=KM/2=HS]	[m]	[m]	[m]	[m]	[m]	[m]	[m]	[kg+1m-1s-2]	[#]	[W+1m-2]	[#]	[W+1m-2]	[#]	[µmol+1s-1m-2]	[#]	[mmol+1s-1m-2]	[#]	[µmol+1s-1m-2]	[#]	[µmol+1s-1m-2]	[#]	8u/v/w/ts/co2/h2o/ch4/none	8u/v/w/ts/co2/h2o/ch4/none	8u/v/w/ts/co2/h2o/ch4/none	8u/v/w/ts/co2/h2o/ch4/none	8u/v/w/ts/co2/h2o/ch4/none	8u/v/w/ts/co2/h2o/ch4/none	8u/v/w/ts/co2/h2o/ch4/none	8u/v/w/ts/co2/h2o/ch4/none	8co2/h2o/ch4/none	8co2/h2o/ch4/none	8aa	8U	[#]	[#]	[#]	[#]	[#]	[#]	[#]	[#]	[#_flagged_recs]	[#_flagged_recs]	[#_flagged_recs]	[#_flagged_recs]	[#_flagged_recs]	[#_flagged_recs]	[#_flagged_recs]	[#_flagged_recs]	[#_flagged_recs]	[#_flagged_recs]	[#_flagged_recs]	[#_flagged_recs]	[#_flagged_recs]	[#_flagged_recs]	[#_flagged_recs]	[#_flagged_recs]	[#_flagged_recs]	[#_flagged_recs]	[#_flagged_recs]	[#_flagged_recs]	[#_flagged_recs]	[#_flagged_recs]	[#_flagged_recs]	[#_flagged_recs]	[#_flagged_recs]	[#_flagged_recs]	[#_flagged_recs]	[#_flagged_recs]	[#_flagged_recs]	[#]	[#]	[m+2s-2]	[m+2s-2]	[m+2s-2]	[K+2]	--	--	--	--	[m+1s-1K+1]	--	--	--	--	--	--	--	--	--	--	--	--	241
DATA	2026-08-27T233000_AIU-1657.ghg	2026-08-28	00:00:00	240	0	18000	18000	0.3524525414172086	0	NaN	44.326092573093476	0	NaN	29.626967412652228	0	NaN	1.9517170126814458	0	NaN	0.6733830879157139	0	NaN	NaN	NaN	NaN	NaN	NaN	NaN	NaN	NaN	NaN	NaN	NaN	NaN	-2.9767486352407055e-10	-1.6211582752410743e-11	NaN	NaN	16.245281825339177	410.9377447059946	420.3450497031125	0.1	1	884.7294915327117	22.37995904498524	22.892287501719757	0.1	1	NaN	NaN	NaN	NaN	0	NaN	NaN	NaN	NaN	9	299.9761713748508	297.8583379859662	96926.43269353644	1.124210609778795	1017.9406794975108	0.025730874638666267	0.043635224096938256	0.015673267021186515	2154.362866519239	3101.209559188968	0.013941575435113944	69.46847110463088	946.8466926697288	291.8460976957414	-2.8355425781294548	-1.427876875457056	1.7717518477179073	3.635689576097161	3.890271127768605e-14	-1.8323773433081428e-14	3.635689576097161	8.606583197575626	314.2718247259693	206.7281752740307	29.16472185797973	NaN	0.5599206483775094	1.496270119503213	-338.62932990171515	-0.005915317496512739	1.4961400522607646	0.0691771739109514	0	19.525237202174132	-2.963030074277155	6.702382095734463	16.689879090907517	25.45311868172832	35.69836086058564	53.482649662207415	0.3472390179164606	1.0150142214202502	44.872091255882786	1.033401977390285	26.020351014988996	1.1386075228418573	1.7141262230642422	1.1386075228418573	0.5914093086571333	1.1386075228418573	NaN	1	NaN	NaN	800000009	800000019	800000009	800000019	800000009	800000019	899999999	899999999	89999	89999	89	89	28	3	3	24	3	0	0	NaN	0	18000	0	0	0	0	0	0	0	NaN	NaN	NaN	NaN	0	14119	0	0	0	0	301	0	0	18000	0	16	18000	18000	18000	18000	100	NaN	0.9253418014647097	1.8030070007645367	0.2641914367771801	0.1083261572369722	0.1734021488936269	0.029325102806839563	NaN	NaN	0.03921084128345185	0.04510858574456435	0.015563403179261664	NaN	NaN	16.24651979068841	884.7935008026707	96.8414890653822	97.16133111868965	96.52164614952935	0.6396836060583606	0.0002810860637934336	7.870464068427017	188
DATA	2026-08-28T000000_AIU-1657.ghg	2026-08-28	00:30:00	240.02	0	18000	18000	0.31200159531730487	1	NaN	60.11844286206473	0	NaN	5.022106739540717	2	NaN	-0.6361790717649976	1	NaN	0.11414845772590294	2	NaN	NaN	NaN	NaN	NaN	NaN	NaN	NaN	NaN	NaN	NaN	NaN	NaN	8.896083049013452e-10	4.915179269307513e-11	NaN	NaN	16.23937278212337	410.8457591920571	420.3884334779327	0.1	1	897.2423931462871	22.699659471902628	23.226902243415324	0.1	1	NaN	NaN	NaN	NaN	0	NaN	NaN	NaN	NaN	9	300.02821447160505	297.87993376089247	96952.44083495133	1.1242972841456056	1018.1207594206687	0.025728435030979453	0.00739682006063851	0.0158986689318538	2185.500619371006	3105.130142460795	0.014140983133242892	70.3835433331954	919.629523089789	292.07571909909535	-2.44534719440214	-0.1253968178056115	1.3834483305828855	2.812361382624744	-1.2497436348479499e-13	5.4780952247160913e-14	2.812361382624744	6.2134824617209885	338.0644574769558	182.93554252304426	29.466657459452236	NaN	0.5267903691467555	1.7941104546078468	-207.97866847602492	-0.00963127620095765	11.970761670342894	0.09969868782826781	0	18.25635288419589	-2.770471983636928	6.266815170410319	15.605255860566054	23.79899981984388	33.37843563742464	50.00697893218716	0.30794756774628845	1.0131646682605282	59.16402762768211	1.0285095033888474	4.471858333293803	1.1230469226071438	-0.5664759494537532	1.1230469226071438	0.10164175283158096	1.1230469226071438	NaN	1	NaN	NaN	800000009	800000019	800000009	800000019	800000019	800000019	899999999	899999999	89999	89999	89	89	11	6	1	5	14	0	0	NaN	0	18000	0	0	0	0	0	0	0	NaN	NaN	NaN	NaN	0	17655	0	0	0	0	301	151	0	18000	0	16	18000	18000	18000	18000	97	NaN	0.7583628488860006	2.553229405438732	0.2766286548909609	0.4288854915562823	0.2705610990180753	0.0915389659050761	NaN	NaN	0.051686518129783914	-0.01491065545722153	0.0026753918820405327	NaN	NaN	16.240625357414604	897.3028437696405	96.61665938907201	96.90400977452593	96.3293097919888	0.5747005060596609	0.0002812410856293152	0.8640748907973111	232
DATA	2026-08-28T003000_AIU-1657.ghg	2026-08-28	01:00:00	240.041	0	18000	18000	0.37185311415708794	1	NaN	22.541035242581287	2	NaN	-6.145705165377458	2	NaN	0.9000255118723801	1	NaN	-0.1390762729212985	2	NaN	-0.01699391106886177	1	NaN	NaN	NaN	NaN	NaN	NaN	NaN	NaN	NaN	NaN	-2.4207735134769186e-10	-1.3043522897320932e-11	-1.2281548370332267e-12	NaN	16.274439696512708	411.3349388692079	420.65815295046633	0.1	1	876.8933799083234	22.163398036781167	22.665748032220666	0.1	1	0.082566715646892	2.0035472914553476	2.0489591895341124	0	1	NaN	NaN	NaN	NaN	9	299.43327420043954	293.3564777632048	97435.97955519523	1.147430132250795	1017.8205327787471	0.02503146955834387	-0.009012142485300143	0.015955293337248853	2160.091664325905	2361.1859393316263	0.013905241712583411	91.4833359094691	201.0942750057211	291.88856148147636	-2.6342413721815445	-1.3275249035732153	1.6774747623547992	3.3934453811513667	9.559440167296849e-14	-1.4874696509494226e-14	3.3934453811513667	6.6925149080798025	314.2541983431893	206.74580165681073	29.625441711276192	NaN	0.5692756216094726	1.5399535185905546	-702.361085889293	-0.0028519518524631514	-3.667770359302106	0.03390422437636677	0	19.701533406300626	-2.989783703408459	6.762898877674084	16.840574434610154	25.6829385891797	36.020686548519315	53.96555227816254	0.3665658921757038	1.0144236605048074	21.65370957501815	1.0319259702187193	-5.419482186463829	1.134002281754428	0.7936716939228202	1.134002281754428	-0.12264196920850283	1.134002281754428	-0.018594764146055275	1.3140259599267712	NaN	NaN	800000009	800000009	800000009	800000019	800000019	800000119	899999999	899999999	89999	89999	89	89	23	3	4	20	5	0	1	NaN	0	18000	0	0	0	0	0	0	0	NaN	NaN	NaN	NaN	0	703	0	0	0	0	301	0	0	6001	0	16	18000	18000	18000	18000	100	NaN	0.5070944443385116	2.3057877517519447	0.26702484109065283	0.4153928924744676	0.18383569148927778	0.03628646470742755	1.923000930923619e-7	NaN	0.018541072380210074	0.020317187548011602	-0.0031395095840584717	-0.000018594764146055275	NaN	16.275667254504473	876.9563051422242	96.91972789510092	97.26575573772853	96.57370004526774	0.6920553842716795	0.0002811920425463337	41.88868660653896	144
DATA	2026-08-28T010000_AIU-1657.ghg	2026-08-28	01:30:00	240.062	0	18000	18000	0.4148693540820749	1	NaN	78.78072225398753	0	NaN	-18.84313080037462	2	NaN	-1.3730582604853652	2	NaN	-0.4265309727467587	2	NaN	0.017219007881799225	0	NaN	NaN	NaN	NaN	NaN	NaN	NaN	NaN	NaN	NaN	7.228167238042025e-10	3.8860001754589435e-11	3.6653677665593595e-12	NaN	16.28014320185119	411.60035271923186	420.91452517388393	-0.1	0	875.2514607842368	22.128417760837074	22.62916538607931	0.1	1	0.082555798948559	2.005743391663204	2.051131690595186	0	0	NaN	NaN	NaN	NaN	9	300.06608058336053	293.63325825189247	97446.07157072182	1.1464825842663502	1017.805442711696	0.025052491801421425	-0.027639207033989963	0.015916743852994863	2156.905792862678	2401.890110410862	0.013883110019660878	89.80035279356402	244.98431754818375	291.8649589309042	-2.2236673404967733	1.029099080176376	1.2014160056959353	2.728945176575374	3.199362389728333e-14	4.4398671119920626e-14	2.728945176575374	6.744068654613365	5.834398971685175	155.16560102831482	26.11978390654123	NaN	0.601550298488388	1.2072238410594134	-237.1340358743517	-0.008447121445954584	-4.1808722281130315	0.11223176182577362	0	19.45977918223333	-2.953096567212481	6.67991247570728	16.633926559984076	25.3677875416775	35.57868272336915	53.3033500044452	0.4095423877516413	1.013007118407641	76.10340417823393	1.0280389197429705	-16.801789492056727	1.1214954698297444	-1.224310126454466	1.1214954698297444	-0.38032340229739037	1.1214954698297444	-0.005013883088377018	1.309527402109446	NaN	NaN	800000009	800000009	800000009	800000019	800000019	800100019	899999999	899999999	89999	89999	89	89	19	9	3	5	0	0	3	NaN	0	18000	0	0	0	0	0	0	0	NaN	NaN	NaN	NaN	0	11	0	0	0	0	301	0	0	12001	0	21	18000	18000	18000	18000	100	NaN	0.8736344851350195	1.2333057128944729	0.30750748408933454	0.27299115590238304	0.27176161801149873	0.1854101475216803	3.4922224610681445e-8	NaN	0.06521865719460748	-0.03136629199970846	-0.009743719857426343	-0.000005013883088377018	NaN	16.281389671455813	875.298790070859	97.0372789692349	97.4080391735501	96.66651736831669	0.741520141528704	0.00028096581275652483	44.0062127197854	153
DATA	2026-08-28T013000_AIU-1657.ghg	2026-08-28	02:00:00	240.083	0	18000	18000	0.13245245491681829	1	NaN	50.123580789267564	0	NaN	54.61219116742289	0	NaN	0.0760799051966185	2	NaN	1.2359438544603096	0	NaN	0.029524566253423968	1	NaN	NaN	NaN	NaN	NaN	NaN	NaN	NaN	NaN	NaN	-2.935196666164952e-10	-1.5016389167277016e-11	-1.4836380167065303e-12	NaN	16.321771764716896	412.3020181390745	421.18620968241197	0.1	1	835.0175630265207	21.09326311997832	21.54777602941718	0.1	1	0.08250077880396568	2.0016596940686533	2.044791008843556	0	1	NaN	NaN	NaN	NaN	9	300.4380471759372	293.4227530903328	97421.1589988753	1.1474645256965796	1017.2094728331303	0.025040933553471586	0.08008916176902806	0.015179170821365084	2055.48135347341	2370.877226439867	0.013228444523938915	86.69708117108793	315.3958729664573	291.0970934569424	-1.957272785972565	-0.5868335892901936	1.1817656983867395	2.3604788891476027	-3.6113036655721833e-14	-1.7983321348176342e-14	2.3604788891476027	4.973877228111628	324.3101088062524	196.68989119374754	30.042787047140962	NaN	0.3397507092433379	0.5752904696996753	-67.12352770124369	-0.02984199532711517	0.9178093703584473	0.12639562831209203	0	16.998460612232858	-2.5795819783870932	5.835021458781094	14.530028465832416	22.15921020010298	31.0786073801127	46.561417119155465	0.13082936526561623	1.012406157042089	52.31812719331223	1.026045746992514	48.99050810969211	1.1147504542133664	0.06824837335482851	1.1147504542133664	1.1087179644456517	1.1147504542133664	0.008031924214377286	1.3075359168077925	NaN	NaN	800000009	800000009	800000009	800000019	800000019	800001019	899999999	899999999	89999	89999	89	89	19	9	0	25	1	0	7	NaN	0	18000	0	0	0	0	0	0	0	NaN	NaN	NaN	NaN	0	2	0	0	0	0	301	0	0	4	0	16	18000	18000	18000	18000	100	NaN	0.30852733309938923	0.7045059080273819	0.13754769827257968	0.12803445719178372	0.43835299505344716	0.1253302632705615	7.028238672157531e-8	NaN	0.04482316564412291	0.0017458382866876038	0.028361734885665506	0.000008031924214377286	NaN	16.32300627891921	835.0726296419415	97.31419896697999	97.71018991216025	96.91821165169611	0.7919803593208397	0.0002811654463504156	48.08102115779488	132
DATA	2026-08-28T020000_AIU-1657.ghg	2026-08-28	02:30:00	240.104	0	18000	18000	0.36177472973007413	1	NaN	-2.5113805743065956	1	NaN	96.39902815236749	1	NaN	17.267686898040367	1	NaN	2.18130344266188	1	NaN	0.03929344641244707	1	NaN	NaN	NaN	NaN	NaN	NaN	NaN	NaN	NaN	NaN	-5.035505279794593e-10	-2.5868206232122782e-11	-2.5410808095209445e-12	NaN	16.411228261036275	414.73122335605217	423.759597306119	0.1	1	843.0713773300727	21.30541469139828	21.769216884632364	0.1	1	0.08281643028381089	2.008124968566826	2.0518402765390027	0	0	NaN	NaN	NaN	NaN	9	299.9688436016507	293.26619447638836	97384.40621270092	1.1475511686922883	1017.3276849099504	0.02503701809868097	0.1413484630844898	0.015334237400152457	2075.3717060398108	2348.039800602289	0.013362573991037673	88.38741598449324	272.668094562478	291.2502599304614	-0.48480598203937647	-0.13693750397444274	0.4556648753835849	0.6792784398717882	8.595730113014758e-14	-3.0683293167946166e-14	0.6792784398717882	4.245317648356723	325.22722338575636	195.77277661424372	42.12939629954655	NaN	0.561478439311225	0.8736278901696503	6045.34109152173	0.0003313460679347343	-0.02605192834866684	-0.0038313032117892037	0	22.24608735890285	-3.375929582667824	7.636361907954326	19.01562088190725	29.000021658492347	40.67294271773549	60.935479771717205	0.35610068169801307	1.015933830862118	3.162068972086827	1.0223743006889394	88.19525335342239	1.0930183256696404	15.798167782284231	1.0930183256696404	1.995669598060489	1.0930183256696404	0.02658258816469509	1.3102496737371616	NaN	NaN	800000009	800000009	800000009	800000019	800000019	800001019	899999999	899999999	89999	89999	89	89	7	4	0	27	20	0	9	NaN	0	18000	0	0	0	0	0	0	0	NaN	NaN	NaN	NaN	0	0	0	0	0	0	301	0	0	0	0	21	18000	18000	18000	18000	100	NaN	0.8770904529832916	0.6784359602194596	0.19172936713654948	0.05142927150229061	2.6122078927226844	0.06517000584537855	2.899676320188561e-7	NaN	0.002708559721114853	0.4041519472341698	0.05105362629435002	0.000026582588164695093	NaN	16.412449777586612	843.1306634921295	97.26253795920476	97.65157087877063	96.87350732633803	0.7780634390430322	0.00028111412706493865	48.62170568929249	113
DATA	2026-08-28T023000_AIU-1657.ghg	2026-08-28	03:00:00	240.124	0	18000	18000	0.21468699168572244	1	NaN	70.71799341462973	1	NaN	55.77595651874688	1	NaN	8.542401739540798	1	NaN	1.261930043811932	1	NaN	0.07694586368107219	1	NaN	NaN	NaN	NaN	NaN	NaN	NaN	NaN	NaN	NaN	7.373034357520225e-11	3.790172489178102e-12	3.691345826895115e-13	NaN	16.55671746881374	418.4369845044252	427.63547375438117	-0.1	0	851.1124730808662	21.51011741191341	21.982973758522235	0.1	1	0.08289201836317281	2.0089914375846014	2.05315504363812	0.7	0	NaN	NaN	NaN	NaN	9	300.2881352233886	293.1347183545664	97342.62456521203	1.1474837530778235	1017.442223471573	0.025036535220674904	0.0817730668390132	0.015481867558250895	2094.4129370231003	2329.010126620897	0.01349201460737449	89.92717176639468	234.59718959779684	291.3956861092308	-0.36958983734969186	-0.8098305615147593	0.4490685349470436	0.9970379808787242	-8.355360308210235e-14	4.453198148369739e-15	0.9970379808787242	2.860312977945061	275.5309705406089	245.46902945939104	26.76951960249763	NaN	0.4325433033419101	0.4886258439439646	-98.12391604598427	-0.02041398346822275	1.267893870916596	0.14003739867736523	0	21.52695809361482	-3.2667989422419037	7.389508102170676	18.400920002009414	28.06256403135314	39.35814506627334	58.965673302326	0.21186478008112242	1.0133208153026634	72.96946712685634	1.0214931703653154	50.95987240292815	1.0945073817638131	7.804791344371387	1.0945073817638131	1.1529662246574484	1.0945073817638131	0.04027065370555637	1.3066006048491678	NaN	NaN	800000009	800000009	800000009	800000019	800000019	800000019	899999999	899999999	89999	89999	89	89	11	0	0	2	1	0	4	NaN	0	18000	0	0	0	0	0	0	0	NaN	NaN	NaN	NaN	0	0	0	0	0	0	301	0	0	0	0	16	18000	18000	18000	18000	100	NaN	0.6682297077840109	0.18549577819710722	0.12352620190681109	0.07883919175923625	6.699688283248157	0.03588523559815562	2.879330508870308e-7	NaN	0.0625006987643655	0.19970169248719577	0.029501020115126415	0.000040270653705556367	NaN	16.557985572723812	851.1740430281609	97.19443061192831	97.57524542829728	96.81361143832737	0.7616318835384346	0.00028117078330574765	49.49080582186736	107
DATA	2026-08-28T030000_AIU-1657.ghg	2026-08-28	03:30:00	240.145	0	18000	18000	0.23115670113550593	1	NaN	11.943803630299648	1	NaN	128.15546053931627	1	NaN	9.487723168089975	1	NaN	2.8989387558117814	1	NaN	0.027173313576582113	1	NaN	NaN	NaN	NaN	NaN	NaN	NaN	NaN	NaN	NaN	-1.1714754064700384e-9	-5.86122065042874e-11	-5.752014789657158e-12	NaN	16.883400270054878	426.2296509176353	435.5172599453395	0	0	844.7239589133515	21.32546716717926	21.790152345593036	0.1	1	0.08289851201032541	2.0071540584399394	2.050890251154421	0	1	NaN	NaN	NaN	NaN	9	300.2771632622613	292.9289769846372	97322.61739628651	1.1481345033055421	1017.3328497822662	0.025024106212983954	0.18785123137660342	0.01535658942885492	2076.0069994761316	2299.5022094138685	0.013375252973098934	90.28071340732893	223.49520993773694	291.2551307792094	-0.17847959393676327	-0.7124120038357628	0.33891642357611074	0.8088573241496235	8.900643536271555e-14	-6.93862247966612e-14	0.8088573241496235	2.706541582737145	265.0647458155521	255.9352541844479	24.77187544187604	NaN	0.4487008164686123	0.4199743420000901	-648.4314803596318	-0.0030891467497676773	0.09319777386025202	0.022789246089979204	0	22.869038693701203	-3.4704648510851053	7.850200942514246	19.548110313387564	29.812101639564126	41.811896437884855	62.641839989042246	0.22783641814145042	1.0145731003899217	19.264681350385693	1.0217927584129498	117.22114037266743	1.093279421543645	8.678223499984915	1.093279421543645	2.65159912341408	1.093279421543645	0.011820943963882844	1.3083300988194708	NaN	NaN	800000009	800000009	800000009	800000019	800000019	800000019	899999999	899999999	89999	89999	89	89	6	0	0	24	12	0	3	NaN	0	18000	0	0	0	0	0	0	0	NaN	NaN	NaN	NaN	0	0	0	0	0	0	301	0	17997	0	0	16	18000	18000	18000	18000	100	NaN	0.6189299200294497	0.10674395268858064	0.11427481128214992	0.039967491785927074	3.5581712615484964	0.12519852268019444	3.5070021270966957e-7	NaN	0.01649324056045627	0.22189813737749167	0.0678001559372603	0.000011820943963882843	NaN	16.88467310629951	844.7751326828785	97.15911605453489	97.52202903662787	96.79619900046455	0.7258270449770828	0.00028118187162261976	49.920837783734015	171
DATA	2026-08-28T033000_AIU-1657.ghg	2026-08-28	04:00:00	240.166	0	18000	18000	0.22832961204665683	1	NaN	68.51050232096883	1	NaN	70.99968816871205	1	NaN	2.834661204278968	1	NaN	1.6056930241202596	1	NaN	0.07615527351946581	1	NaN	NaN	NaN	NaN	NaN	NaN	NaN	NaN	NaN	NaN	4.388510811310378e-10	2.163364491413337e-11	2.1454056020701327e-12	NaN	16.91974406816373	426.89630436024964	436.07316813078717	0.1	1	834.0773235998315	21.044321093805948	21.496704648896028	0.1	1	0.08271533390296588	2.000441466326791	2.0434443656958226	0.5	0	NaN	NaN	NaN	NaN	9	300.3240432400174	292.70050659559024	97302.97634753375	1.1489219224409335	1017.1679482627895	0.02500963591436345	0.10404890796299282	0.015162902567088916	2048.2243448036606	2267.118331450121	0.013197504783331739	90.34483627916993	218.89398664646023	291.0408867186853	-0.5496215821527384	-1.25040295973034	0.6001618843535693	1.4919067439693285	-3.1235741173112425e-14	2.593721745217069e-14	1.4919067439693285	3.7613227255168473	274.72815711274677	246.27184288725323	23.72069085257504	NaN	0.4457956857902938	0.4792682953450074	-110.84092802066615	-0.018071844360835056	0.964940890418725	0.13150374093184536	0	21.821843023546382	-3.311548868032359	7.490732556153501	18.652983204895396	28.446976319986717	39.8972887669129	59.773408810729364	0.2256181528022616	1.0120179126134927	71.59474764140943	1.0222970724371052	64.52270230801132	1.1003830532357683	2.5760676665670283	1.1003830532357683	1.4592127890361315	1.1003830532357683	0.03957643732661033	1.3051671641193983	NaN	NaN	800000009	800000009	800000009	800000019	800000019	801100019	899999999	899999999	89999	89999	89	89	9	0	0	17	4	0	7	NaN	0	18000	0	0	0	0	0	0	0	NaN	NaN	NaN	NaN	0	0	0	0	0	0	301	0	18000	0	0	16	18000	18000	18000	18000	100	NaN	0.5800837713290646	0.25162932339064703	0.12682349597030315	0.08033454594623128	4.360386388903438	0.055318554238727974	3.7552898559628414e-7	NaN	0.06126296044072778	0.06581185167237483	0.037279104457087646	0.000039576437326610325	NaN	16.921021537784995	834.1341227432816	97.044716858334	97.36678895738387	96.72264439858331	0.6441455333944776	0.0002803177125153727	49.84419511466557	088
DATA	2026-08-28T040000_AIU-1657.ghg	2026-08-28	04:30:00	240.187	0	18000	18000	0.4378634507602408	1	NaN	63.37359594605601	1	NaN	83.54930108202035	1	NaN	-22.546984266999882	1	NaN	1.8894100059634962	1	NaN	0.04069937611581347	1	NaN	NaN	NaN	NaN	NaN	NaN	NaN	NaN	NaN	NaN	-6.768226071824433e-11	-3.3073653902753364e-12	-3.316849416842984e-13	NaN	16.942535883454653	427.46540303253613	436.5850312377993	0.1	1	827.9149692961	20.888549887767127	21.334190183735192	0.1	1	0.08302890545990557	2.0074240166511808	2.0502507824018146	0	0	NaN	NaN	NaN	NaN	9	300.47434964752193	292.64641325295565	97285.55291833225	1.1489967399026761	1017.0779054248898	0.02500949222982309	0.12243376838643455	0.015050752409042774	2032.6992293256358	2259.509732769718	0.01309903839267431	89.96195943949058	226.81050344408231	290.92005306469	-1.0125347615334377	-0.6600898818662764	0.6688972866436202	1.3814372499447025	-4.779337725268213e-13	-3.994812888921776e-15	1.3814372499447025	4.734027567366679	307.89893675954795	213.10106324045208	28.96032643898576	NaN	0.6173194341968394	1.4115730184296378	-318.1288292839925	-0.00629650574111232	0.7585173678932652	0.08784668644846182	0	23.944912456199127	-3.6337328452917057	8.219513589954637	20.4677510238815	31.214611748909583	43.77893680806844	65.5888249052629	0.43260561996672175	1.0121538661331388	67.28889989223987	1.0219871076251343	76.03360442594708	1.0988470389220226	-20.518765095020548	1.0988470389220226	1.719447692935517	1.0988470389220226	0.01204427349668025	1.305230512826491	NaN	NaN	800000009	800000009	800000009	800000019	800000019	800010019	899999999	899999999	89999	89999	89	89	16	0	0	43	6	0	7	NaN	0	18000	0	0	0	0	0	0	0	NaN	NaN	NaN	NaN	0	0	0	0	0	0	301	0	18000	0	0	16	18000	18000	18000	18000	100	NaN	0.5194875576031451	2.1108423628000845	0.19281611645604585	0.06411339312598328	6.91955208250164	0.05305436705045605	1.9593804143339066e-7	NaN	0.05757983441716583	-0.5241148317032194	0.04392018886283199	0.000012044273496680251	NaN	16.943885305694902	827.9739136779856	97.14005537880792	97.47835727394951	96.80175118891398	0.6766043729086719	0.00028037942953233134	49.597424638748166	166
DATA	2026-08-28T043000_AIU-1657.ghg	2026-08-28	05:00:00	240.208	0	18000	18000	0.3915077315495705	1	NaN	80.23237570594767	1	NaN	19.118199077559193	1	NaN	-21.304642281007624	1	NaN	0.4323648148425715	1	NaN	0.027667050408075405	2	NaN	NaN	NaN	NaN	NaN	NaN	NaN	NaN	NaN	NaN	5.632868405411702e-10	2.733640845150474e-11	2.755270587400723e-12	NaN	16.94828189032221	427.4758505521082	436.531913524615	0.1	1	822.5030711883393	20.745477459796497	21.18496977270257	0.1	1	0.08290110692896271	2.004634898991079	2.04710302873151	0	1	NaN	NaN	NaN	NaN	9	300.6818115310669	292.6940355172123	97292.6988993905	1.1489568286457685	1016.9970706889878	0.025011724814073873	0.028017240001798633	0.01494633069129199	2018.9249020254615	2266.206950645633	0.013008609478311433	89.08828478574202	247.28204862017128	290.8121662275944	-1.0517131776899589	-1.067638192940944	0.7578310144744572	1.6793629046910301	-9.011963745931952e-14	3.323563085546846e-14	1.6793629046910301	4.732973284599064	295.56948196357166	225.43051803642828	26.82461839947006	NaN	0.5837384709350159	1.315303453954927	-212.47056161127793	-0.009427658988659045	4.196649244024448	0.11762724441397174	0	20.944776464958718	-3.178450634022242	7.189663988423587	17.903279902142355	27.303631479852275	38.29373137178286	57.37098762640907	0.38689725777212597	1.0119165325802335	80.06595544822648	1.0229369277609117	17.32982822145837	1.1031961098083132	-19.311745293145957	1.1031961098083132	0.391920177200133	1.1031961098083132	0.0008924999751012616	1.3053006687565816	NaN	NaN	800000009	800000009	800000009	800000019	800000019	800001019	899999999	899999999	89999	89999	89	89	4	6	5	20	12	0	13	NaN	0	18000	0	0	0	0	0	0	0	NaN	NaN	NaN	NaN	0	0	0	0	0	0	301	0	18000	0	0	21	18000	18000	18000	18000	100	NaN	0.9514392075023365	1.4382304917448678	0.24093720866264984	0.090002850329925	5.1831302063125815	0.029479616479169274	1.368636209851447e-7	NaN	0.06852112392609815	-0.4932556272962247	0.01001032428299012	8.924999751012616e-7	NaN	16.94962598668303	822.563577286276	97.10689191903009	97.42887941360473	96.78490516196356	0.6439730725023483	0.0002805098161560536	48.83555532455445	130
DATA	2026-08-28T050000_AIU-1657.ghg	2026-08-28	05:30:00	240.229	0	18000	18000	0.09527208303399388	1	NaN	49.745854573156976	0	NaN	10.408126075302714	0	NaN	1.172572974294192	1	NaN	0.23533509885292647	0	NaN	0.04404711810098329	1	NaN	NaN	NaN	NaN	NaN	NaN	NaN	NaN	NaN	NaN	5.3526403628683993e-11	2.555780896845202e-12	2.6101595477976913e-13	NaN	17.167526776297485	432.8179404046873	441.9514002405517	0.1	1	819.7157665460431	20.666208616814217	21.102313428423415	0.1	1	0.08371566346596918	2.0222900468003107	2.0649650452110717	0.2	0	NaN	NaN	NaN	NaN	9	300.7064382341173	292.4813482145635	97316.67789250982	1.15011045527583	1016.9480241039744	0.024987391490508756	0.015249714405669634	0.014903719974018957	2011.7062414172767	2236.4301993072036	0.0129585118591454	89.9516668143928	224.72395788992685	290.7553682255095	-1.9071076217509848	-1.2041120804279835	1.2587986145573749	2.5829284417468874	-1.162224407900038e-14	3.1178867128715216e-15	2.5829284417468874	4.724622201899699	308.7324518374378	212.26754816256218	29.166767444820685	NaN	0.2878147550580635	0.35145883383929694	-41.08131412634123	-0.048759394449741256	4.779520752654809	0.14777655329273057	0	14.407361178172419	-2.1863726427428274	4.945580870925873	12.315195641052581	18.781450394759577	26.34125122587099	39.46399434078493	0.09407272880383717	1.0127492233446065	49.34440412974469	1.0272309559444541	9.302990394313827	1.1187935958382123	1.0480690796372387	1.1187935958382123	0.21034719874009547	1.1187935958382123	0.021770432280655453	1.3086886950800667	NaN	NaN	800000009	800000009	800000009	800000019	800000019	800000019	899999999	899999999	89999	89999	89	89	13	3	1	25	0	0	14	NaN	0	18000	0	0	0	0	0	0	0	NaN	NaN	NaN	NaN	0	0	0	0	0	0	301	0	18000	0	0	16	18000	18000	18000	18000	100	NaN	0.2415975529599877	0.3120676311300314	0.14925248358857482	0.07425122926293706	1.4199226958260103	0.02187647864625504	1.9004445058745573e-7	NaN	0.04218903585585494	0.02674130196732002	0.005366972529554732	0.000021770432280655455	NaN	17.168855960650333	819.7756963501283	97.11235433832805	97.43202785831028	96.79267999818589	0.6393474226527731	0.0002804202092455751	50.18624420230609	134
DATA	2026-08-28T053000_AIU-1657.ghg	2026-08-28	06:00:00	240.249	1	18000	18000	0.2651696027438522	1	NaN	87.03661216107794	1	NaN	105.361696376934	1	NaN	-2.1525606815695157	2	NaN	2.3821059707383303	1	NaN	0.05949130621603917	1	NaN	NaN	NaN	NaN	NaN	NaN	NaN	NaN	NaN	NaN	-4.5291550766877593e-10	-2.1293195012782378e-11	-2.2070325282449916e-12	NaN	17.248141123804242	434.38486201721076	443.44081132338704	0.1	1	810.897455129189	20.422002384376935	20.847755292672808	0.1	1	0.08404924951219647	2.0293299859526415	2.0716369609078655	0.4	0	NaN	NaN	NaN	NaN	9	300.5303305367364	292.39589132805435	97336.3226837498	1.1507859183511036	1016.8071244473409	0.024975049123232326	0.1543604669038438	0.014734885503367521	1988.3358209425887	2224.562829464896	0.012804193437194912	89.38096935751057	236.2270085223072	290.570249853679	-0.5625042376947645	-0.7914314772005681	0.48648927953156335	1.0860233052874757	6.264307386945111e-14	-2.6258801132123455e-14	1.0860233052874757	3.261018730097255	286.4030381058201	234.59696189417986	26.61253726058546	NaN	0.4800258214734114	0.5309045219077871	-108.94234272634667	-0.018386790203618133	0.8260745143064361	0.15495452356818767	0	20.826278851752356	-3.160468164051459	7.148987592387121	17.801989924638008	27.14915787314458	38.07707994196629	57.046404305484394	0.26178647217008055	1.0129232444508196	91.91219070730023	1.0215031684441873	96.1914509633149	1.0953332684119341	-1.9652107204690312	1.0953332684119341	2.1747773389481906	1.0953332684119341	0.019578820448037527	1.306078983043223	NaN	NaN	800000009	800000009	800000009	800000019	800001019	800001019	899999999	899999999	89999	89999	89	89	13	8	4	17	35	0	9	NaN	0	18000	0	0	0	0	0	0	0	NaN	NaN	NaN	NaN	0	0	0	0	0	0	301	0	18000	0	0	16	18000	18000	18000	18000	100	NaN	0.26909537408503664	0.6274579241722292	0.16525574555830838	0.08926575219047611	0.3880225374406235	0.048459923325297076	1.5384174289480992e-7	NaN	0.07854888019243025	-0.05010474803822818	0.055447830338133254	0.000019578820448037526	NaN	17.24946349448274	810.9539493560998	97.15856286324396	97.4792532666524	96.83787079747519	0.641380002336372	0.00027964628734076136	48.99774358246843	085
DATA	2026-08-28T060000_AIU-1657.ghg	2026-08-28	06:30:00	240.27	1	18000	18000	0.29704359905747885	1	NaN	18.431829085426195	1	NaN	122.98776368236553	1	NaN	21.100960961114534	1	NaN	2.780246361188237	1	NaN	0.10217145116602525	1	NaN	NaN	NaN	NaN	NaN	NaN	NaN	NaN	NaN	NaN	1.5436813607888714e-9	7.188104481885215e-11	7.503836820725647e-12	NaN	17.264585313059474	434.46550406258035	443.436558998388	0.1	0	803.9200719718058	20.230751736101855	20.64848613278048	0.1	1	0.08392316850965299	2.0248747431524805	2.066685341207082	0	0	NaN	NaN	NaN	NaN	9	300.52709523349336	292.2600808169749	97339.16726426105	1.1514382352931085	1016.695541138444	0.024962719326698725	0.18015996420499775	0.014604104134637717	1969.7727561203917	2205.816287486543	0.012683358678739825	89.29903942113351	236.04353136615123	290.4218452960507	-0.2139261576993084	-1.7971999232860756	0.3739063914978071	1.8481065864311994	-8.750936757807567e-14	8.94131734297251e-14	1.8481065864311994	4.209114484065941	257.7881505302223	263.21184946977763	11.672579015624047	NaN	0.507913522816265	0.49311161226303923	-609.3949248847271	-0.003287030984675341	0.14986717811236228	0.030998957822854764	0	20.85767130350868	-3.1652320897183355	7.1597636052167815	17.828823720240855	27.19008110454969	38.134475355885826	57.13239309434963	0.29354072892746375	1.0119331656046977	25.229303005195113	1.0236103304430155	111.2111220793395	1.1058944589608979	19.080447315868703	1.1058944589608979	2.514025039785954	1.1058944589608979	0.06984505494998083	1.3056314984443353	NaN	NaN	800000009	800000009	800000009	800000019	800001019	800011019	899999999	899999999	89999	89999	89	89	24	8	0	22	13	0	10	NaN	0	18000	0	0	0	0	0	0	0	NaN	NaN	NaN	NaN	0	0	0	0	0	0	301	0	18000	0	0	16	18000	18000	18000	18000	100	NaN	0.4613349392262383	0.34056866371235117	0.184319621587489	0.040562849121695665	4.042189517284131	0.039408653800108114	5.907591670203567e-7	NaN	0.021551310647392324	0.48613741442945674	0.06405309123104343	0.00006984505494998084	NaN	17.265903955857297	803.977074515071	97.15201207817924	97.46260644912721	96.84141328726874	0.6211954622566697	0.0002801410003384161	49.916999031824595	223
DATA	2026-08-28T063000_AIU-1657.ghg	2026-08-28	07:00:00	240.291	1	18000	18000	0.11664498588099287	1	NaN	-3.797504416779891	1	NaN	9.902372691003082	0	NaN	47.31011686164731	1	NaN	0.22381509570436114	0	NaN	0.01448001859528839	0	NaN	NaN	NaN	NaN	NaN	NaN	NaN	NaN	NaN	NaN	-9.464282781434716e-11	-4.29609179916669e-12	-4.52993802812211e-13	NaN	17.45655906619056	438.89615717756857	447.81788683745657	0.1	0	792.4000368315443	19.922673752257573	20.32765499078748	0.1	1	0.08355322065103057	2.0140923393218175	2.0550341135151395	0	1	NaN	NaN	NaN	NaN	9	300.37379631381566	292.09008962177643	97376.42700947088	1.1526846582075103	1016.5168708229888	0.02493865383743499	0.014503218201642602	0.014395588050063446	1940.5191706081064	2182.5466545218196	0.012488747852729642	88.91077616085418	242.02748391371324	290.1854641231077	-0.2561896089914966	-2.233653864522775	0.45527636586831394	2.2939309648659654	3.792242671976882e-15	-5.421619888288815e-15	2.2939309648659654	4.408345785805387	257.54296587541205	263.45703412458795	11.447500170524986	NaN	0.31811033644835546	0.33044357210533	726.8190808634107	0.002755981581579361	-0.383494394250598	-0.010188151698895287	0	14.116983589287491	-2.142306723345632	4.845903641267011	12.06698524550056	18.402913880407826	25.810348382207373	38.668605137812285	0.11526829650218723	1.011943348002714	-3.1625244095597083	1.0265185123479934	8.782523618461319	1.1275088028442966	41.95986474101223	1.1275088028442966	0.198504078318286	1.1275088028442966	0.011222207168339233	1.385412799232363	NaN	NaN	800000009	800000009	800000009	800000019	800000019	800000019	899999999	899999999	89999	89999	89	89	19	4	0	31	4	0	5	NaN	0	18000	0	0	0	0	0	0	0	NaN	NaN	NaN	NaN	0	0	0	0	0	0	301	0	18000	0	0	16	18000	18000	18000	18000	100	NaN	0.2690055687045266	0.20003354118240843	0.19184803432372496	0.059909197994528235	40.129025951812146	0.009019189916023941	3.184299836335084e-7	NaN	-0.002699036653772711	1.0676996800696783	0.005051082557609014	0.000011222207168339233	NaN	17.45786684174968	792.4598338857639	97.21471469921536	97.52616647677951	96.90326183361478	0.6229080596499984	0.000279431814342388	49.818164004776214	106
DATA	2026-08-28T070000_AIU-1657.ghg	2026-08-28	07:30:00	240.312	1	18000	18000	0.37495828803471065	1	NaN	50.899565875005855	1	NaN	113.46576452830863	1	NaN	17.95587428059819	2	NaN	2.564408532321745	1	NaN	-0.005535772885689817	2	NaN	NaN	NaN	NaN	NaN	NaN	NaN	NaN	NaN	NaN	-4.990365944872977e-10	-2.2563531857282866e-11	-2.3640167608707244e-12	NaN	17.614281803710593	442.784449911118	451.8301514916383	0.1	1	796.4153591371507	20.02013710385979	20.429131109586432	0.1	1	0.08344169119992653	2.0108244015599626	2.0519037968977862	-1	0	NaN	NaN	NaN	NaN	9	300.3472803556654	292.023921036102	97427.54233422439	1.153508215359655	1016.5713831307072	0.024919923271443163	0.16617367289444906	0.014476885537052437	1951.03595962199	2173.5473061292587	0.012550309867137493	89.76275575508288	222.51134650726863	290.27080199344493	-0.6295605954150129	-0.8482720725279456	0.5505602038007623	1.1912298646102029	-1.2978510979228318e-13	-2.8331362019095866e-14	1.1912298646102029	3.703808567094259	287.58163144436435	233.4183685556356	27.52773763673962	NaN	0.5701395030451207	0.7777113897366218	-312.31329793622564	-0.0064137518742766846	0.44858963482599107	0.07613325069613258	0	20.74254985733733	-3.1477619661204512	7.120246138070825	17.73041963953876	27.040008672554585	37.923996636182494	56.817057617989654	0.3703049509395829	1.01256622976096	56.748922942609695	1.0216065963764478	103.48304934178617	1.096467153316591	16.37611690079845	1.096467153316591	2.3387919324030166	1.096467153316591	-0.023042919335796136	1.3056400936579844	NaN	NaN	800000009	800000009	800000009	800000019	800000019	800000019	899999999	899999999	89999	89999	89	89	15	1	0	27	0	0	11	NaN	0	18000	0	0	0	0	0	0	0	NaN	NaN	NaN	NaN	0	0	0	0	0	0	301	0	18000	0	0	16	18000	18000	18000	18000	100	NaN	0.458186566503504	0.8617510898860634	0.2354851230836761	0.07724390503787018	27.422031998188306	0.04870480762974043	9.113656885444067e-8	NaN	0.04839483922365144	0.416430814974681	0.059473502562705234	-0.000023042919335796137	NaN	17.61564857505799	796.471158967654	97.22374471622044	97.5420154715644	96.90547006564671	0.6365436761544818	0.0002792824304277827	49.86090143627591	028
DATA	2026-08-28T073000_AIU-1657.ghg	2026-08-28	08:00:00	240.333	1	18000	18000	0.15778880800593093	1	NaN	46.06561246615916	1	NaN	108.01868806454266	1	NaN	11.12618063529646	1	NaN	2.441754105181443	1	NaN	0.04544796273210025	1	NaN	NaN	NaN	NaN	NaN	NaN	NaN	NaN	NaN	NaN	-1.963038906673183e-10	-9.145900869530981e-12	-9.465465059735529e-13	NaN	17.317610355631768	435.6172472729745	444.64152956838126	0.1	1	806.8365179689232	20.295635237146552	20.716081266065704	0.1	1	0.08350279517238157	2.0142345291183563	2.055961575312488	0	1	NaN	NaN	NaN	NaN	9	300.62003947787815	292.2163195169014	97464.67775699722	1.1530670651326786	1016.7321401375864	0.02492684053725402	0.1582256660157575	0.014672030043001558	1978.638154671878	2199.805255219621	0.012724350982406481	89.9460599967672	221.16710054774285	290.49287314391046	-0.8591761401747229	0.6942485165490564	0.4594373565690742	1.196347494329007	-1.023426070433252e-14	-1.1335506841651474e-14	1.196347494329007	3.2456409769595234	19.939590836470927	141.06040916352907	22.583743618884846	NaN	0.36992255657057144	0.32435271732365467	-94.28834230194599	-0.02124440785675642	0.42645965519072326	0.10621966217971975	0	19.660992438059722	-2.9836314550698453	6.748982475180838	16.805920624714638	25.630089342565014	35.946564728696295	53.85450428530366	0.15583285840257594	1.012551586510093	51.6814765542377	1.021613809772399	98.50986085445757	1.096526653551301	10.146748917832777	1.096526653551301	2.226807800132699	1.096526653551301	0.018788386839133805	1.3056231802752278	NaN	NaN	800000009	800000009	800000009	800000019	800001019	800011119	899999999	899999999	89999	89999	89	89	7	0	0	23	6	0	6	NaN	0	18000	0	0	0	0	0	0	0	NaN	NaN	NaN	NaN	0	0	0	0	0	0	301	0	18000	0	0	16	18000	18000	18000	18000	100	NaN	0.21700187547027255	0.3183684143905006	0.11333514478653615	0.06417165312923274	2.1463051854065633	0.07874736886961152	2.568152060993303e-7	NaN	0.04408326909133999	0.25816747054542455	0.056657491163570606	0.000018788386839133806	NaN	17.318896991980456	806.8906691376516	97.26740983157688	97.61076564576892	96.92405419964261	0.6867109163171743	0.0002796734557826616	49.75874531629351	186
DATA	2026-08-28T080000_AIU-1657.ghg	2026-08-28	08:30:00	240.354	1	18000	18000	0.07482547609085033	1	NaN	80.0878402031374	1	NaN	41.35543526219493	0	NaN	6.117410695322997	1	NaN	0.9353094387548737	0	NaN	0.030308793573788198	2	NaN	NaN	NaN	NaN	NaN	NaN	NaN	NaN	NaN	NaN	6.582347750176875e-10	3.101082307776622e-11	3.1606948651576626e-12	NaN	17.29054754652181	435.7999141196489	444.935076160983	0.1	1	814.5940190845804	20.531449487315513	20.961826162329263	0.1	1	0.08302530786919819	2.0076361574418753	2.0497198775713787	0	1	NaN	NaN	NaN	NaN	9	300.7650043275621	292.7401796487412	97483.46299246281	1.1511220418224488	1016.8763201833294	0.024966715162630333	0.060608051631315815	0.014818798696206798	2002.01367124157	2272.712864368189	0.012873351528171395	88.08915999153844	270.6991931266191	290.67882305486006	-0.7140865018273586	0.48583087097933536	0.44952971346870596	0.9736673613610504	4.1620436279520155e-15	3.806905323539617e-14	0.9736673613610504	2.1293659189088774	15.229528897915202	145.7704711020848	27.49603019024804	NaN	0.2549553087747131	0.17241233707994444	-17.758665219216148	-0.1127956394961769	1.9365735046766561	0.2683570557146126	0	17.14470747377126	-2.6017755038495487	5.8852232738055585	14.655038083448165	22.349857754599924	31.345993286049076	46.96200993033958	0.0738329581458664	1.0134427492803835	81.33820981609487	1.021504425366265	37.791222731939854	1.0943132365823858	5.590182491466597	1.0943132365823858	0.854699922735019	1.0943132365823858	0.0018442304221225965	1.3067646267349293	NaN	NaN	800000009	800000009	800000009	800000019	800001019	800001019	899999999	899999999	89999	89999	89	89	15	0	0	6	6	0	6	NaN	0	18000	0	0	0	0	0	0	0	NaN	NaN	NaN	NaN	0	2	0	0	0	0	301	0	18000	0	0	16	18000	18000	18000	18000	100	NaN	0.08629241892643008	0.18271649632767967	0.07581575890577913	0.13607609066393894	2.4600876231987003	0.05469906936472567	1.9665576637707474e-8	NaN	0.06948724698232805	0.14249490569858123	0.02178647746770772	0.0000018442304221225965	NaN	17.291894251627753	814.6482573311638	97.40269862577647	97.79714920722118	97.00824652184379	0.7889024931092975	0.00028030503200878024	49.47304214900733	137
DATA	2026-08-28T083000_AIU-1657.ghg	2026-08-28	09:00:00	240.374	1	18000	18000	0.020141878726714333	1	NaN	32.13968622321682	0	NaN	38.466471220681605	0	NaN	-1.2075084444457598	2	NaN	0.8706767931818492	0	NaN	0.036288279154563306	0	NaN	NaN	NaN	NaN	NaN	NaN	NaN	NaN	NaN	NaN	9.39652398993496e-11	4.546634059320282e-12	4.550038114244875e-13	NaN	17.0857956697954	432.55493855988726	441.8017386709809	0.1	1	826.719120880108	20.929750387379027	21.37716920278202	0.1	1	0.08273380836683972	2.0084899842053523	2.051425814439803	0	1	NaN	NaN	NaN	NaN	9	301.02945383114286	293.57873907250337	97497.85653188387	1.1478292769388965	1017.1192795823847	0.025034536383377774	0.05641985619818383	0.015065352226498322	2041.1531714212217	2393.8241567369532	0.013125080993469302	85.26746485019764	352.6709853157315	290.9859510082285	-0.5253274943931542	0.3073475847472354	0.3304587509946682	0.6925564961245257	-3.7991367590613544e-14	5.499611590548468e-15	0.6925564961245257	1.9615725567252031	11.33015310126882	149.66984689873115	28.4999389880735	NaN	0.1324681098329193	0.10530324340740384	-6.208128784594929	-0.3226576106105536	0.835524684310965	0.2078170179645723	1	5.396893680610677	2	4	7	12	19	47	0.019829208225919447	1.015768178801319	33.907200792659594	1.0222954459258935	35.19296758190462	1.0930158455992254	-1.1047492580345586	1.0930158455992254	0.7965820410449009	1.0930158455992254	0.018590350851226775	1.3100150952072775	NaN	NaN	800000009	800000009	800000009	800000019	800000019	800001019	899999999	899999999	89999	89999	89	89	26	7	0	33	33	1	1	NaN	0	18000	0	0	0	0	0	0	0	NaN	NaN	NaN	NaN	0	0	0	0	0	0	301	0	18000	0	0	16	18000	18000	18000	18000	100	NaN	0.06842461046030729	0.10129040598078327	0.040891470373717126	0.15616481968410967	2.9256631298293505	0.04294854782386704	0.000001168973417449075	NaN	0.029043085528919505	-0.028248273396850293	0.02036848372135632	0.000018590350851226774	NaN	17.08728838049045	826.7765056059702	97.516617825826	98.00794321823119	97.02530110465155	0.9826467426684234	0.00028148406097898264	49.58425411853034	141
DATA	2026-08-28T090000_AIU-1657.ghg	2026-08-28	09:30:00	240.395	1	18000	18000	0.005026616700370356	1	NaN	18.676981735883686	1	NaN	12.811999176790506	1	NaN	-0.40202214652201085	1	NaN	0.2901734596246661	1	NaN	0.0020992739039514814	1	NaN	NaN	NaN	NaN	NaN	NaN	NaN	NaN	NaN	NaN	-1.4596662445010403e-10	-7.1424023536570985e-12	-7.153819832221608e-13	NaN	16.87558381496199	427.81113554061983	436.9582212049565	0.1	1	825.7518457620005	20.933547466191758	21.381130373751517	0.1	1	0.08270718503671406	2.0135712481134376	2.0566236774861886	-0.5	0	NaN	NaN	NaN	NaN	9	301.8585869734022	294.21254200145705	97513.88493280871	1.1455432188839476	1017.1336304645511	0.025084459263268726	0.018803240183678363	0.015038097008390365	2041.8590990649511	2489.07299066776	0.013127481146491636	82.03291372814132	447.2138916028091	290.9914428318267	-0.5581141312808688	0.875700965547555	0.17352885860908512	1.0528322892875615	-1.191300697629871e-14	-8.649574796973198e-15	1.0528322892875615	2.04267583612818	38.489246444210664	122.51075355578934	9.48683548581432	NaN	0.06624180310952041	0.10296285191911955	-1.3360248812034987	-1.499298424888312	1.457772630029344	0.2419831109425583	1	15.922951459702077	7	12	20	30	47	102	0.004961815150387873	1.013060049199418	19.160062821624496	1.0214902253851783	11.700354203655838	1.0950095145655787	-0.3671403226861498	1.0950095145655787	0.2649962906850048	1.0950095145655787	-0.0036687494752094935	1.3062569358588103	NaN	NaN	800000009	800000009	800000009	800000019	800000019	800000019	899999999	899999999	89999	89999	89	89	4	2	0	8	0	0	0	NaN	0	18000	0	0	0	0	0	0	0	NaN	NaN	NaN	NaN	0	0	0	0	0	0	301	0	18000	0	0	16	18000	18000	18000	18000	100	NaN	0.1131582718732854	0.05695766621102123	0.03580976575393246	0.08339284645515725	7.141105488098219	0.08305107535146691	2.17752722517672e-8	NaN	0.0164439987776025	-0.009406480289240382	0.0067894541433444885	-0.0000036687494752094934	NaN	16.87690853909641	825.8151658856809	97.50427388381958	98.03104334937201	96.97750511084662	1.0535401091045797	0.0002818049521980962	49.76542420450846	188
DATA	2026-08-28T093000_AIU-1657.ghg	2026-08-28	10:00:00	240.416	1	18000	18000	0.006932742755761238	0	NaN	11.681275005534797	0	NaN	45.957959573313516	1	NaN	-0.3584178608541334	2	NaN	1.041847595023217	1	NaN	-0.007324435794847433	1	NaN	NaN	NaN	NaN	NaN	NaN	NaN	NaN	NaN	NaN	-4.6444749898522585e-12	-2.2765457701494074e-13	-2.3121083384298472e-14	NaN	16.544879495204423	421.0994117762045	429.97438343488307	0.1	1	810.9673432354392	20.640698610415313	21.075716114738302	0.1	1	0.08236356945135795	2.0136201115546988	2.0560585973887533	-0.1	0	NaN	NaN	NaN	NaN	9	302.14286575232614	295.17065962887204	97527.20772897596	1.1421082775416378	1016.9860316404262	0.02516271019441202	0.06751172415750446	0.014781611060923855	2013.5696749567953	2639.3518455612384	0.012942390272086057	76.29030886288011	625.7821706044431	290.7700472292098	-0.5053239324374107	0.822309950226398	0.20062491284428868	0.9857972847341161	2.4251283121585675e-15	-2.807197834954598e-16	0.9857972847341161	1.8896788513774716	39.42854325647295	121.57145674352705	11.742604824890327	NaN	0.077911022363216	0.06647907973807586	-3.4758343770221156	-0.576293281763366	0.25417305541819096	0.12908300827686078	1	16.685880135786494	7	13	22	33	53	119	0.006841216815418297	1.0133786054166074	14.21757125084544	1.0214977611436755	41.993300012931684	1.0944117170872716	-0.3274981940142661	1.0944117170872716	0.9519704319285328	1.0944117170872716	-0.01106990133636547	1.3066797271052226	NaN	NaN	800000009	800000009	800000009	800000019	800000019	800000019	899999999	899999999	89999	89999	89	89	13	14	1	19	5	5	0	NaN	0	18000	0	0	0	0	0	0	0	NaN	NaN	NaN	NaN	0	2	0	0	0	0	301	0	18000	0	0	21	18000	18000	18000	18000	100	NaN	0.07847594482337988	0.031294905824261136	0.02318730882851069	0.23006468763897772	3.4415461363795203	0.10710675363121185	4.92022794777684e-8	NaN	0.012240612404395022	-0.00841446925703739	0.024459145361645288	-0.00001106990133636547	NaN	16.54619743927458	811.0216601321058	97.47284999020894	98.0389071352217	96.90679061550563	1.132116622030734	0.0002832146300433022	49.54211362707614	077
DATA	2026-08-28T100000_AIU-1657.ghg	2026-08-28	10:30:00	240.437	1	18000	18000	0.24840056681433986	1	NaN	21.69797300796814	1	NaN	-6.29522016236428	2	NaN	-4.780997400801276	1	NaN	-0.14285210215891508	2	NaN	0.06238005516469632	1	NaN	NaN	NaN	NaN	NaN	NaN	NaN	NaN	NaN	NaN	2.480852625035092e-9	1.3044865188157017e-10	1.245041357598422e-11	NaN	16.369665460192778	417.68749255214914	427.06713430083704	0.1	1	860.7527788976362	21.962921038266234	22.45612309666385	0.1	1	0.08215284657508475	2.0188768918590765	2.064213039859674	0	1	NaN	NaN	NaN	NaN	9	303.9239167582193	296.1981923668942	97553.85231421972	1.137883492008695	1017.7604977757612	0.02524340877289378	-0.009256816219897697	0.015678225054756953	2143.1422764216763	2809.272990300098	0.013778409797544676	76.28814585914404	666.1307138784218	291.76263920770714	-1.058924942866638	0.6268580581606973	0.588084714750608	1.3638609501814765	-6.750598546514633e-14	1.515518219396694e-13	1.3638609501814765	5.115792400637292	11.624510707352783	149.37548929264725	25.543174644083454	NaN	0.4672264202096668	1.0029166747464038	-403.74953557727525	-0.004961244096878022	-3.446737754731534	0.04010037041204892	0	22.855813641034203	-3.4684578983203083	7.845661209895757	19.53680573727934	29.79486144772319	41.78771682369537	62.605614520883805	0.24541106688098782	1.0121816019601177	21.010070500594964	1.0219432691023738	-5.730158100491808	1.0986119496116473	-4.351852719689905	1.0986119496116473	-0.1300296271212164	1.0986119496116473	0.0440118920029541	1.30524874116737	NaN	NaN	800000009	800000009	800000009	800000019	800000019	800000019	899999999	899999999	89999	89999	89	89	13	0	1	4	1	0	4	NaN	0	18000	0	0	0	0	0	0	0	NaN	NaN	NaN	NaN	0	0	0	0	0	0	301	0	4	0	0	21	18000	18000	18000	18000	100	NaN	1.4592298683370641	0.4225183807876889	0.1240851003680544	0.2988758163626086	2.514813031266033	0.9852759401856728	3.053013743372022e-7	NaN	0.018141956537929944	-0.11232320452640189	-0.003356121023017727	0.0000440118920029541	NaN	16.370873107202282	860.7759260687025	97.63783700391983	98.23321336364748	97.04245790905424	1.1907599372069027	0.0002838449166382715	49.17731309240834	231
DATA	2026-08-28T103000_AIU-1657.ghg	2026-08-28	11:00:00	240.458	1	18000	18000	0.16465540415710894	1	NaN	45.83433664033046	1	NaN	-8.867781578522516	2	NaN	-1.6288119780433943	1	NaN	-0.20116366725471588	2	NaN	0.0061382188633981065	1	NaN	NaN	NaN	NaN	NaN	NaN	NaN	NaN	NaN	NaN	-4.971251525215833e-10	-2.6649083311122733e-11	-2.471493933684829e-12	NaN	16.564539980699973	422.51280161692057	432.30422637073065	0.1	1	887.9651406029625	22.64938475390528	23.17426765849246	0.1	1	0.08235181798571813	2.0212528517467288	2.068093906338599	-0.1	0	NaN	NaN	NaN	NaN	9	303.62339852990044	295.8627594975241	97584.263867971	1.1392304217753666	1018.1459383250519	0.02520696355091089	-0.013035405638105587	0.016191633690193857	2210.8164073392945	2752.7822013111295	0.01421278205067677	80.31207141219888	541.965793971835	292.26030272539475	-2.179132070880623	1.6053880564024003	1.1384621617297346	2.9363214210419475	2.252444085980864e-14	-3.001140708409677e-14	2.9363214210419475	5.117949025672582	17.379440226306883	143.62055977369315	22.812527948898442	NaN	0.380173820979526	0.41313263714373305	-103.00352782212757	-0.019446906745359913	-5.168636172922861	0.10394105859346002	0	20.072654946366956	-3.0461028289095897	6.890292892903001	17.157803545201894	26.16673299878627	36.69921508690496	54.982111672752445	0.1624764558137827	1.0134108559447135	44.34670611425977	1.0292195448837687	-7.879949556650475	1.1253601961243949	-1.4473694588211194	1.1253601961243949	-0.1787549159349152	1.1253601961243949	-0.006120397917260442	1.3108232419508963	NaN	NaN	800000009	800000009	800000009	800000019	800000019	800000019	899999999	899999999	89999	89999	89	89	27	6	2	4	1	0	4	NaN	0	18000	0	0	0	0	0	0	0	NaN	NaN	NaN	NaN	0	0	0	0	0	0	301	0	0	0	0	16	18000	18000	18000	18000	100	NaN	0.3711160604616569	0.34148887814508794	0.11366033568072131	0.07216784631063525	0.8279461387091233	0.26500511641891006	9.478739296211435e-9	NaN	0.03823312185438411	-0.03732950633878261	-0.0046103175155540336	-0.000006120397917260441	NaN	16.5657722765197	888.0210715407833	97.38368217849731	97.9750061187744	96.79235661358304	1.1826558409233892	0.0002836126603021208	50.06305470232114	106
DATA	2026-08-28T110000_AIU-1657.ghg	2026-08-28	11:30:00	240.479	1	18000	18000	0.12347790301082444	1	NaN	11.192034604474228	1	NaN	131.1678770633214	0	NaN	10.339211461551724	0	NaN	2.9779367247297617	0	NaN	0.012491467447493687	2	NaN	NaN	NaN	NaN	NaN	NaN	NaN	NaN	NaN	NaN	-3.048341169295818e-10	-1.5986098669658102e-11	-1.5221140320534228e-12	NaN	16.47534725117844	421.3272659471991	430.8469269317946	0.1	1	863.9995070993324	22.095227770076374	22.594457453860727	0.1	1	0.08226558590803826	2.026304754910787	2.0720880114841744	0	1	NaN	NaN	NaN	NaN	9	304.2954003041585	296.7023963076872	97592.2161216294	1.1363392113191675	1017.846517492592	0.025276439258513746	0.19297029976248856	0.015752060927830817	2156.9006544092713	2896.0912984895117	0.01386211156925965	74.47626583920979	739.1906440802404	291.8649208379518	-2.1152097156269964	1.910468631425362	1.0244290505587863	3.0287716012224886	1.4180823634698977e-15	-1.850243957120708e-14	3.0287716012224886	5.162109720650034	23.088515196796266	137.91148480320373	19.769226159393344	NaN	0.32964054704168433	0.3099141520572887	-274.97839367828993	-0.007284572337503434	0.08532603298192638	0.029354732694052945	0	17.68430391769134	-2.6836613459908247	6.070449271687378	15.116277007905738	23.05327621682516	32.33254768099404	48.44004818771538	0.12182074850868273	1.0136032204893537	18.520184985351364	1.0297565882708948	116.37607214051837	1.1271034900107528	9.17325831495126	1.1271034900107528	2.64211472249221	1.1271034900107528	0.0001498575875571044	1.3114351454259516	NaN	NaN	800000009	800000009	800000009	800001119	800001119	800001119	899999999	899999999	89999	89999	89	89	32	4	1	7	12	0	0	NaN	0	18000	0	0	0	0	10	0	0	NaN	NaN	NaN	NaN	0	0	0	0	0	0	301	0	0	0	0	16	18000	18000	18000	18000	99	NaN	0.26612852961621447	0.23640790894612546	0.11729186555223754	0.08089998953784198	40.71079473290852	0.5638058888361989	1.1690343544936413e-8	NaN	0.016012348442807897	0.23710765963853894	0.06829259755234356	1.498575875571044e-7	NaN	16.4811814383299	864.1149965656405	96.8996634133658	97.50820844374773	96.29218060535864	1.217135883260104	0.0002840667418867168	49.85230963094499	007
DATA	2026-08-28T113000_AIU-1657.ghg	2026-08-28	12:00:00	240.499	1	18000	18000	0.1955558858625836	1	NaN	46.48512298081679	1	NaN	146.61483598448098	1	NaN	-1.9364581666498923	2	NaN	3.3319099813988755	1	NaN	0.010727347959779965	2	NaN	NaN	NaN	NaN	NaN	NaN	NaN	NaN	NaN	NaN	2.392677819410446e-10	1.2621392477870112e-11	1.2092768684933606e-12	NaN	16.125122703550375	413.8666423026083	423.1036269135315	0.1	1	850.6013669883513	21.831494752965053	22.318746346726364	0.1	1	0.08149754943532395	2.0163650698163273	2.0613678103519573	-1	0	NaN	NaN	NaN	NaN	9	305.0836483722263	297.716796840515	97585.68583588762	1.1325055021075892	1017.7180258490124	0.025364554521804344	0.21590776679464713	0.015509972463768857	2131.01285664051	3077.882860166646	0.013695273387109243	69.23632098607972	946.8700035261359	291.67198878197786	-2.192031796444203	1.1686249769730992	1.0708744520365923	2.7050803731964006	3.975758294873764e-14	1.483819914674903e-14	2.7050803731964006	5.886216710716261	9.063152727318538	151.93684727268152	23.32057426210782	NaN	0.41554234439541515	0.5598439898700013	-132.612879061975	-0.015104867748658678	0.3170560650883734	0.09705790463024157	0	19.238243396130613	-2.919477656980861	6.603866409226	16.444561102034516	25.078993270061968	35.1736446511583	52.69652916467308	0.19305324534885113	1.0129634728968693	54.08179822836691	1.0279054022714635	130.78428400509287	1.121043228548559	-1.727371538702455	1.121043228548559	2.9721512039395463	1.121043228548559	-0.01072220413966006	1.3093888066172938	NaN	NaN	800000009	800000009	800000009	800000019	800000019	800000019	899999999	899999999	89999	89999	89	89	27	11	1	9	4	5	1	NaN	0	18000	0	0	0	0	0	0	0	NaN	NaN	NaN	NaN	0	0	0	0	0	0	301	0	0	0	0	21	18000	18000	18000	18000	100	NaN	0.3576128287693767	0.611076314702974	0.15099883626765193	0.09712182982395325	2.398044911691955	0.34719030944751733	3.704067510603547e-8	NaN	0.046922736948053	-0.0447921514991149	0.0770703024927336	-0.000010722204139660061	NaN	16.12638527083724	850.6372303005008	97.54696129375033	98.1941312232547	96.89978754891293	1.2943423065874358	0.00028543016598430555	49.506530948003125	120
DATA	2026-08-28T120000_AIU-1657.ghg	2026-08-28	12:30:00	240.52	1	18000	18000	0.24625869173051568	1	NaN	-28.457404865578486	2	NaN	302.85379185323666	1	NaN	8.394104996755347	1	NaN	6.888758913243201	1	NaN	0.01952587200582691	1	NaN	NaN	NaN	NaN	NaN	NaN	NaN	NaN	NaN	NaN	-1.8035528902257515e-10	-9.714433091791001e-12	-9.215120234586723e-13	NaN	15.93938282796474	410.44251744624506	419.7215388783536	0.1	1	858.53910271145	22.107565546684505	22.60735922253412	0.1	1	0.08144109885594569	2.0236836334124573	2.0694337762657753	-1.1	0	NaN	NaN	NaN	NaN	9	305.8826186303032	298.6478706462025	97574.48809100267	1.128726399015247	1017.8959132256648	0.025446799108357104	0.4463915775781594	0.015655341808635485	2157.7130196213107	3253.4242812893895	0.013869917299970948	66.32129206234886	1095.7112616680788	291.87094216587377	-2.3896958858131425	1.8089250902615668	1.0608373202183166	3.1793446225312025	-9.303218514485941e-15	-1.1315073548905046e-14	3.1793446225312025	6.464871375998732	18.124582952446303	142.87541704755367	19.49140250958793	NaN	0.46709093909267807	0.6599091419718	307.6503904538133	0.006510961995027013	-0.09396416895241973	-0.05302757864039216	0	18.173559255690677	-2.7579077310913984	6.238394796942464	15.53448511217813	23.691069963186386	33.22706247884363	49.780194356831814	0.24286058991944764	1.0139919853286823	-10.479651388332533	1.0320159988587403	263.78815419662135	1.148094738278114	7.311334785267488	1.148094738278114	6.000165912766749	1.148094738278114	0.006151856928049408	1.3955150076244338	NaN	NaN	800000009	800000009	800000009	800000019	800000019	800000019	899999999	899999999	89999	89999	89	89	19	2	9	8	2	0	1	NaN	0	18000	0	0	0	0	0	0	0	NaN	NaN	NaN	NaN	0	0	0	0	0	0	301	0	0	0	0	21	18000	18000	18000	18000	100	NaN	0.4660340890935145	0.6338162114332102	0.21996798341687498	0.04073426584232176	0.8356956635486821	0.6415295671431922	5.8803270545352555e-9	NaN	-0.009121258889897153	0.1902573219594317	0.15613776846542063	0.000006151856928049408	NaN	15.940549436970093	858.5833859259535	97.35648217158845	98.03205793041654	96.68091538196138	1.3511460731327536	0.0002862124571725467	49.71227192456463	222
DATA	2026-08-28T123000_AIU-1657.ghg	2026-08-28	13:00:00	240.541	1	18000	18000	0.3087471659568487	1	NaN	-10.849669733915665	1	NaN	417.2414681541382	0	NaN	3.9398982137093186	1	NaN	9.498746549772665	0	NaN	0.028964961100824298	1	NaN	NaN	NaN	NaN	NaN	NaN	NaN	NaN	NaN	NaN	-2.371427229449395e-10	-1.2104941666057254e-11	-1.2150753181953245e-12	NaN	15.810474306052253	408.423356462835	417.1194440170001	0.2	0	807.0450858063895	20.847955373211363	21.29184684607151	0.4	0	0.08100993722124836	2.0199038004944865	2.062911282858413	0.3	0	NaN	NaN	NaN	NaN	9	306.4602086308798	299.52655808314995	97563.37656501602	1.1258275095399315	1017.201603462912	0.025524575835521666	0.6155187764252686	0.014718370431813283	2034.5425188296163	3427.0316664472684	0.013073379631510278	59.36748524237547	1392.4891476176522	290.9344418591322	-2.4324160675158524	1.9905145840879765	1.037621232160893	3.3099024240009554	1.3693537863294862e-14	-1.4999089739778474e-14	3.3099024240009554	7.13917514173689	20.294429332577693	140.7055706674223	18.269679082541415	NaN	0.5236794860062599	0.8826272293310646	1136.8561091844633	0.0017619644067681938	-0.02600333514766456	-0.018091395342154253	0	18.43708315827481	-2.7978984999902634	6.328854025078309	15.75974138057335	24.03459998530562	33.708868219405424	50.50202715269437	0.3044159919394144	1.0142278136895526	13.602350704474695	1.0314227037082324	368.4538368136161	1.1324117880341185	3.4792098204391118	1.1324117880341185	8.388067529977423	1.1324117880341185	0.003646163681807699	1.3134121791177424	NaN	NaN	800000009	800000009	800000009	800000019	800000019	800000019	899999999	899999999	89999	89999	89	89	21	0	1	11	4	1	0	NaN	0	18000	0	0	0	0	0	0	0	NaN	NaN	NaN	NaN	0	0	0	0	0	0	301	0	0	0	0	21	18000	18000	18000	18000	100	NaN	0.7587667074868895	0.7397667863233753	0.26672096485186453	0.0353284814779453	0.43018517246671834	0.934133469007396	1.3015360998219008e-8	NaN	0.011877774485458096	0.09069670292254897	0.2186617387636094	0.0000036461636818076986	NaN	15.811650208707878	807.0741675860861	97.25554250590007	97.94974650001527	96.56134042994181	1.3884054764443006	0.0002875881193661674	49.0439697300593	205
DATA	2026-08-28T150000_AIU-1657.ghg	2026-08-28	15:30:00	240.645	1	18000	18000	0.19882061835125017	1	NaN	-18.191536790020514	1	NaN	17.301941977709106	2	NaN	-0.44224363427928487	2	NaN	0.39470692105411426	2	NaN	0.05252202171913463	1	NaN	NaN	NaN	NaN	NaN	NaN	NaN	NaN	NaN	NaN	-1.1759872172891004e-11	-5.410888533477301e-13	-6.065703906571637e-14	NaN	15.73880204853738	410.253994804733	418.1471000589579	0.1	1	724.1652144095059	18.876384059848746	19.239557333211938	0.2	0	0.08118023024998718	2.0421676326414144	2.0814580338936484	0.1	0	NaN	NaN	NaN	NaN	9	307.6729123509725	301.65830094061965	97458.18307899305	1.1175053749212815	1016.1440952352427	0.025733981845193092	0.025577008484306604	0.013218026212687901	1840.1515623833448	3882.1461587991334	0.011828154485269474	47.4003679179498	2041.9945964157887	289.349947230153	-1.5309934934700162	0.7407507610178522	0.7071817156848506	1.841944284172203	-1.2828059834544433e-14	-7.471897884365259e-16	1.841944284172203	4.346910534815061	6.819398655335021	154.18060134466495	22.577465730211923	NaN	0.42179934378744827	0.7452452167894035	353.9269294898299	0.005659642805048434	-1.0514158938607883	-0.037980315740676986	0	24.022139782434028	-3.6454523899927835	8.246023231978377	20.53376378080878	31.31528536837837	43.92013299081825	65.80036251633531	0.1965944421575927	1.0113236985197829	-16.846426725119496	1.0244318134400139	15.452869696574925	1.119658828259195	-0.3949807058341774	1.119658828259195	0.35252427890716515	1.119658828259195	0.0421637957149123	1.3871736177533096	NaN	NaN	800000009	800000009	800000009	800000009	800000019	800001019	899999999	899999999	89999	89999	89	89	7	2	0	8	3	0	0	NaN	0	0	0	0	0	0	0	0	0	NaN	NaN	NaN	NaN	0	0	0	0	0	0	0	0	0	0	0	0	18000	18000	18000	18000	93	NaN	0.9950126240641228	0.4061803421819226	0.08929746733276167	0.04982085350391583	0.05892779404618708	1.1678678765905703	2.0629104503897835e-7	NaN	-0.014835523601514255	-0.010360038842116165	0.009246439555962747	0.0000421637957149123	NaN	15.739925500644237	724.195153392855	95.26184711583457	95.8889809566074	94.6347133916219	1.2542672547962914	0.00028949106766150277	70.15151387680899	078
DATA	2026-08-28T153000_AIU-1657.ghg	2026-08-28	16:00:00	240.666	1	18000	18000	0.22281825044621417	1	NaN	-17.092073610673076	2	NaN	38.76300871173763	1	NaN	-1.2281459692899792	1	NaN	0.8848618748342171	1	NaN	0.015396153076871647	1	NaN	NaN	NaN	NaN	NaN	NaN	NaN	NaN	NaN	NaN	-1.5836027378465697e-10	-6.855576049588731e-12	-8.161984412979961e-13	NaN	15.699020047775397	410.8981203426062	418.3396268910624	0.1	1	679.626419362568	17.788194256801823	18.11034458432542	0.2	0	0.08091370005033253	2.040630416428742	2.0775869364395216	0.5	0	NaN	NaN	NaN	NaN	9	307.9658965581258	302.31537890455456	97423.63391644965	1.115143159092274	1015.5516249447304	0.025799181976398022	0.05733904948925726	0.012424551533957722	1733.4553816725545	4032.637253844563	0.011141665025386787	42.98565113983272	2299.1818721720083	288.4166671033974	-1.3234571002394786	1.0404745429967899	0.5594338653040792	1.7740045717099475	-3.763590689081573e-14	-1.0087271262966324e-14	1.7740045717099475	4.936548190903748	19.173695460536692	141.82630453946328	18.38199611609459	NaN	0.447002618982864	0.7304946413929093	448.1438675555994	0.00446976996678747	-0.4409377439656151	-0.033763857366120566	0	21.29322239455975	-3.231328648152198	7.30927420036147	18.201126241961084	27.757865941050657	38.930801662222905	58.325435010894566	0.22036050218863287	1.0111533066641745	-14.499141546500434	1.0239255298481487	34.68749012673642	1.1174924611181334	-1.0990194672643507	1.1174924611181334	0.7918280486195385	1.1174924611181334	0.013491720814519385	1.3840788312393697	NaN	NaN	800000009	800000009	800000009	800000009	800000019	800000119	899999999	899999999	89999	89999	89	89	7	7	0	14	5	14	3	NaN	0	0	0	0	0	0	0	0	0	NaN	NaN	NaN	NaN	0	0	0	0	0	0	0	0	0	0	0	0	18000	18000	18000	18000	93	NaN	0.7398238968464433	0.5855923796127246	0.1355730063266507	0.03066578388212168	0.06883668312617076	1.1788293200522562	9.210829603519439e-8	NaN	-0.012802938511530408	-0.028867440613733728	0.0207985844206298	0.000013491720814519384	NaN	15.700091014320105	679.6362517367774	95.22787710211011	95.8855004872216	94.57024877675376	1.315248667329553	0.0002911759757343033	70.19468919514155	062
DATA	2026-08-28T160000_AIU-1657.ghg	2026-08-28	16:30:00	240.687	1	18000	18000	0.10555669308813806	1	NaN	-5.820814292152097	2	NaN	117.0865537375737	1	NaN	2.308255532495888	1	NaN	2.6728659796417977	1	NaN	0.05131847898060577	1	NaN	NaN	NaN	NaN	NaN	NaN	NaN	NaN	NaN	NaN	-5.291690842173166e-10	-2.3073869678104654e-11	-2.7213818702997753e-12	NaN	15.729305408782233	410.7606404411345	418.2518626243329	0.1	1	685.860066194455	17.910792162871765	18.23743914498053	0.3	0	0.08089181293571003	2.0404813835490225	2.0776945386079633	0.6	0	NaN	NaN	NaN	NaN	9	308.52709768591984	302.3440874803331	97402.86977039931	1.1147475920965761	1015.6210982032484	0.0258071322666039	0.17320171548078847	0.012506328753257323	1745.030516962962	4039.326504547436	0.011218978037652346	43.20102658199141	2294.2959875844736	288.5203184542423	-0.8239968043864317	0.46870984899202306	0.36394798971264253	1.0154397054464086	-8.567786596549689e-14	-3.3642241056738754e-14	1.0154397054464086	4.117784625919765	10.6322941919899	150.36770580801007	21.00283730736516	NaN	0.30771921549059617	0.5303899140869354	429.2452103445027	0.004666563427445949	-0.04971377247295448	-0.01670786163560305	0	19.072441460977835	-2.8943165736534677	6.546951970230997	16.30283610161146	24.862853702106605	34.870505833883996	52.2423719772713	0.10417837138167156	1.0132304017444929	1.3407754350525931	1.0214885975396828	106.9611023367518	1.094664800377088	2.108641413975077	1.094664800377088	2.441720953045219	1.094664800377088	0.03549801306370122	1.306480043597734	NaN	NaN	800000009	800000009	800000009	800000009	800001019	800011119	899999999	899999999	89999	89999	89	89	11	3	1	26	15	7	3	NaN	0	0	0	0	0	0	0	0	0	NaN	NaN	NaN	NaN	0	0	0	0	0	0	0	0	0	0	0	0	18000	18000	18000	18000	93	NaN	0.6572817893633153	0.31888250997270523	0.08461552883785033	0.03373754775092845	0.19640684577009698	1.5256022737102362	2.2106074940271995e-7	NaN	0.0011842619815917495	0.05541070368468691	0.06416334010761257	0.00003549801306370122	NaN	15.730436738355074	685.8805807183272	95.29363646676805	95.93666455798679	94.65060686704847	1.2860530699623907	0.00029100018800818354	70.3062603258557	023
DATA	2026-08-28T163000_AIU-1657.ghg	2026-08-28	17:00:00	240.708	1	18000	18000	0.11136729846726066	1	NaN	8.8198791142136	1	NaN	-51.38329398301593	2	NaN	-0.38561855917051663	2	NaN	-1.173498835577689	2	NaN	0.015189554997363677	1	NaN	NaN	NaN	NaN	NaN	NaN	NaN	NaN	NaN	NaN	9.60055663549475e-11	4.087237540629173e-12	4.943737796608681e-13	NaN	15.671494516979694	410.75839431408866	418.06924873800085	0.1	1	667.1813222865568	17.487185307173448	17.798429746324125	0.1	1	0.08069923725724223	2.0393942556876103	2.075692271072523	0	0	NaN	NaN	NaN	NaN	9	308.21669409857856	302.7940557573107	97404.2467124566	1.1132862636942573	1015.3967357883225	0.025845174769411138	-0.07604272454543425	0.012192569307266858	1703.7830111647145	4145.439823786634	0.010951872581996855	41.10017473630581	2441.65681262192	288.14815743070443	-1.0529501690042102	0.9188717945627304	0.47979125583249405	1.4775754066788143	-4.410636054911032e-14	6.1261270423779776e-15	1.4775754066788143	3.7285455651305877	22.110035227307662	138.88996477269237	18.948323912487417	NaN	0.316282685086976	0.3710822393763929	-307.5866173248658	-0.0065123119380853045	-0.17164876812157848	0.024668605632060907	0	21.605656465291908	-3.278741723764163	7.416522706491757	18.468190186455402	28.16515530712687	39.502030789257354	59.18124033476765	0.11004324854460437	1.0120320868401083	5.591238057526052	1.0222537005967625	-46.7045427378283	1.1001776480598766	-0.35050572046300066	1.1001776480598766	-1.0666448619885267	1.1001776480598766	0.012394037836324737	1.3051712287273973	NaN	NaN	800000009	800000009	800000009	800000009	800000019	800000119	899999999	899999999	89999	89999	89	89	11	0	2	3	6	12	3	NaN	0	0	0	0	0	0	0	0	0	NaN	NaN	NaN	NaN	0	0	0	0	0	0	0	0	0	0	0	0	18000	18000	18000	18000	93	NaN	0.46852696104092695	0.2081906698178201	0.06544684789403873	0.016643713393006097	0.19476303935272962	1.3237339479968058	1.4522877854420895e-7	NaN	0.004946128214904769	-0.00922015949009431	-0.02805841723162972	0.000012394037836324736	NaN	15.672584356844647	667.1620113114911	95.26495410580105	95.93056912888422	94.59933912001718	1.3312291538384236	0.0002913458429086152	70.1233974338821	115
DATA	2026-08-28T170000_AIU-1657.ghg	2026-08-28	17:30:00	240.729	1	18000	18000	0.29086833350991165	1	NaN	-5.910157671423903	1	NaN	-2.659777155589582	2	NaN	1.6689591142986118	1	NaN	-0.06074643668546408	2	NaN	0.08070840073431505	1	NaN	NaN	NaN	NaN	NaN	NaN	NaN	NaN	NaN	NaN	1.1781524815648942e-9	5.265980958990856e-11	6.082453602934292e-12	NaN	15.66452913175845	411.0545529074492	418.7481627665118	0.2	0	700.1565029157387	18.372880273035335	18.71676108352189	0.1	1	0.08087134148304663	2.04481945460581	2.083091851796604	0	1	NaN	NaN	NaN	NaN	9	308.1856994179619	302.82907692633734	97402.41648328993	1.1127613203431288	1015.8939251931416	0.02584864972007652	-0.0039363690972180725	0.012808379229790624	1790.0429676654046	4153.799392410707	0.01151044612679479	43.094112126260676	2363.756424745302	288.9177328962067	-0.8967423092217801	0.6845654036567683	0.39926490215857524	1.1967410008551758	-1.5371201857526543e-13	7.521148396195926e-14	1.1967410008551758	3.5419500593901856	18.357804318080298	142.64219568191967	19.48905758770931	NaN	0.5112663512423059	0.7922221904769714	1939.1290613483832	0.0010329895208765188	2.222049940914626	-0.010225898363158013	0	27.86859479511965	-4.22916677788624	9.566386766727218	23.821655673010216	36.329527957498584	50.95267951791347	76.3363987116856	0.28779779576910675	1.0106690801178628	-5.980238074297272	1.0212683715770674	-2.405193212263664	1.1058476059336264	1.5092125762568984	1.1058476059336264	-0.05493201446521023	1.1058476059336264	0.061469512348913194	1.3766731441291278	NaN	NaN	800000009	800000009	800000009	800000009	800001019	800011019	899999999	899999999	89999	89999	89	89	9	6	3	28	15	1	0	NaN	0	0	0	0	0	0	0	0	0	NaN	NaN	NaN	NaN	0	0	0	0	0	0	0	0	0	0	0	0	18000	18000	18000	18000	93	NaN	1.1541090395386806	0.33983227162217794	0.09050306979308413	0.02143081957133454	0.0696008993574543	1.3638166560398102	4.785463228824125e-7	NaN	-0.00529015125131188	0.03974146833549765	-0.001446501936055062	0.00006146951234891319	NaN	15.665614974015924	700.1495812029945	95.25168588723076	95.94539769617717	94.55797297583686	1.387422436085013	0.000291501822608148	70.30099588002858	141
DATA	2026-08-28T173000_AIU-1657.ghg	2026-08-28	18:00:00	240.749	1	18000	18000	0.09639682745827235	1	NaN	5.562494163263392	1	NaN	-20.719324386264145	2	NaN	0.5957980380308868	0	NaN	-0.4733616664062556	2	NaN	0.08092501566904246	0	NaN	NaN	NaN	NaN	NaN	NaN	NaN	NaN	NaN	NaN	-1.5027619939472002e-10	-6.78815705801025e-12	-7.776320625218433e-13	NaN	15.680458724152443	411.3022096472929	419.08846110704206	0	0	708.305220586605	18.579016561757545	18.93073092514193	0.1	1	0.08114144161260789	2.0549243390809435	2.09382555881561	0	1	NaN	NaN	NaN	NaN	9	308.3994929267036	303.16409480963813	97399.78856184895	1.1114144073131755	1016.0191160385991	0.025877944105051186	-0.030673835983125362	0.012937422030903579	1810.0776887765644	4234.5120251704	0.011640502359672992	42.74583890699248	2424.434336393836	289.09180285463407	-0.45398694970181164	-0.42459338230660576	0.3258950809532563	0.7018484840674284	2.782857907967102e-14	-9.583660914412612e-15	0.7018484840674284	2.6206429472935917	297.91615880301606	223.08384119698388	27.667401665059195	NaN	0.29450546577912173	0.29805702211161456	-393.80907458958654	-0.00508647496781926	-0.26846889693715315	0.016726239364213753	0	17.742779491980613	-2.6925352399894313	6.090522044074008	15.166261049305792	23.129505033763753	32.439459680622704	48.600221845076184	0.09491088002847627	1.0156562390881874	4.219393579648496	1.0222432301291111	-18.956064375109033	1.093018254014289	0.5450943164423108	1.093018254014289	-0.43307754895012696	1.093018254014289	0.06282660023439697	1.309856580855164	NaN	NaN	800000009	800000009	800000009	800000009	800001019	800001019	899999999	899999999	89999	89999	89	89	13	1	0	20	38	0	0	NaN	0	0	0	0	0	0	0	0	0	NaN	NaN	NaN	NaN	0	0	0	0	0	0	0	0	0	0	0	0	18000	18000	18000	18000	93	NaN	0.3002429081972643	0.2030195883139083	0.0928515477120565	0.038059922263478645	0.23378515719933765	1.5409133071601477	0.0000014870968713720994	NaN	0.0037365615139811287	0.014373028619415765	-0.011419374258225973	0.00006282660023439697	NaN	15.681598845624455	708.3427657296884	95.28638338004218	95.9812777879503	94.5914885734982	1.3897896776795358	0.00029144858922841696	70.31991231679491	050
DATA	2026-08-28T180000_AIU-1657.ghg	2026-08-28	18:30:00	240.77	1	18000	18000	0.37102972768748993	1	NaN	-33.307263110279706	2	NaN	49.092643644417706	1	NaN	13.643853363578323	1	NaN	1.1220580339853627	1	NaN	0.09307482452831187	1	NaN	NaN	NaN	NaN	NaN	NaN	NaN	NaN	NaN	NaN	6.413183164988605e-10	3.014657462065991e-11	3.3040946282971938e-12	NaN	15.681369122374825	411.9850705841551	420.1212488464055	-0.1	0	737.1371629966923	19.36626220309293	19.74872111436957	0.2	0	0.08079096783707126	2.0506421298072732	2.0911396893342133	-0.5	0	NaN	NaN	NaN	NaN	9	308.3280977316962	303.5921041327582	97413.26817751736	1.1096683495248938	1016.4733971920864	0.02591089284839637	0.0727093606022515	0.013468468760261438	1887.036935527643	4339.609320963176	0.01213738209801873	43.48402807626045	2452.5723854355333	289.745100426588	-0.7042323869938347	0.10782382362920309	0.42891245872113076	0.8315859120254472	-2.275219979017997e-13	4.0896831870617797e-14	0.8315859120254472	4.31184456911022	349.7048592601037	171.29514073989628	31.04937046122801	NaN	0.5782394985626018	1.0940418164557322	497.92778197165904	0.004022872537997914	-0.6784573133100575	-0.05106719191646733	0	25.71294029522713	-3.9020378909592637	8.826420333793935	21.979034628643557	33.51941460243746	47.011455581369454	70.43172706971063	0.3668920108187447	1.0112777513457207	-29.884387058950434	1.0207209312160466	44.53370144567922	1.1023706103634645	12.376829747919155	1.1023706103634645	1.0178591695359214	1.1023706103634645	0.07422641875753354	1.3814767690201777	NaN	NaN	800000009	800000009	800000009	800000009	800000019	800111019	899999999	899999999	89999	89999	89	89	10	5	0	44	1	0	1	NaN	0	0	0	0	0	0	0	0	0	NaN	NaN	NaN	NaN	0	0	0	0	0	0	0	0	0	0	0	0	18000	18000	18000	18000	93	NaN	0.6238857292801618	1.4226208984077422	0.14157700522356023	0.06606341166946483	3.444040388781983	1.4979540686102537	5.256433871983845e-7	NaN	-0.026494463929611148	0.3270297521826241	0.026894628006506067	0.00007422641875753354	NaN	15.68240841542809	737.1247803270172	95.25891586346097	95.97734705903795	94.5404849128723	1.4368604090478667	0.00029148920853913304	70.53592913037878	203
DATA	2026-08-28T183000_AIU-1657.ghg	2026-08-28	19:00:00	240.791	0	18000	18000	0.11765415636052995	1	NaN	-18.625158615762484	1	NaN	293.70127471537063	1	NaN	8.076825795658976	1	NaN	6.708184722150359	1	NaN	0.03803270291693109	1	NaN	NaN	NaN	NaN	NaN	NaN	NaN	NaN	NaN	NaN	4.832996297716671e-10	2.3376776672282982e-11	2.4774931124304493e-12	NaN	15.69643818568636	410.81901051655444	419.14787833604134	0.1	1	759.2228659277895	19.8709530692398	20.273813057030594	0.2	0	0.0804631642550619	2.036211431633219	2.07749320154274	0.1	0	NaN	NaN	NaN	NaN	9	308.37829581197104	302.88484775288896	97438.1852250434	1.1123301183415648	1016.7373420106115	0.02584391959272964	0.4346903699953433	0.01385527373888099	1936.7089681242253	4167.142172403818	0.01245608071778061	46.475711362807516	2230.433204279593	290.15444626743977	-1.2316413651249911	1.0414656474798245	0.5483691177218363	1.7036137579976445	3.9527209623383226e-14	3.0790401239715e-14	1.7036137579976445	3.811781776561656	21.21758141387005	139.78241858612995	18.777009910843972	NaN	0.32522714648457623	0.3335709630440555	158.47143598286934	0.012640132826312836	-0.06341531419573287	-0.05063732091827671	0	21.565380502653014	-3.2726296910480523	7.40269727184611	18.433762899362662	28.11265152207915	39.428393484194004	59.07091823330891	0.11638507273386711	1.010904178661853	-0.86184703056788	1.0232240535793269	263.5626864035418	1.114350740323247	7.24801043638745	1.114350740323247	6.019814479779025	1.114350740323247	0.01800933252307433	1.377788654723973	NaN	NaN	800000009	800000009	800000009	800000009	800001019	800001019	899999999	899999999	89999	89999	89	89	18	2	0	6	10	1	1	NaN	0	0	0	0	0	0	0	0	0	NaN	NaN	NaN	NaN	0	0	0	0	0	0	0	0	0	0	0	0	18000	18000	18000	18000	93	NaN	0.3498704135417748	0.2477470995794618	0.06952441296687444	0.016035234035328007	2.2336071520712077	1.8092946766491602	4.492770331633085e-8	NaN	-0.000762057459588292	0.19111566807593322	0.15873057525142956	0.00001800933252307433	NaN	15.697510557112698	759.2529956755361	95.31407044008043	96.0019707414839	94.62617071448432	1.3757970216737896	0.00029124879103619605	70.12872924847652	218
DATA	2026-08-28T190000_AIU-1657.ghg	2026-08-28	19:30:00	240.812	0	18000	18000	0.10445394494143748	1	NaN	-14.838424889630902	2	NaN	304.9906774948541	1	NaN	22.528016294758128	1	NaN	6.962299164448451	1	NaN	0.08410588242978138	1	NaN	NaN	NaN	NaN	NaN	NaN	NaN	NaN	NaN	NaN	3.206476043268392e-10	1.6186793723627624e-11	1.6216770145651811e-12	NaN	16.01125057776862	417.69767357087164	426.6949781129626	0	0	808.2730289027171	21.086033357788956	21.540231395529585	0.5	0	0.08097698746548063	2.045143910364539	2.089196783430949	0.8	0	NaN	NaN	NaN	NaN	9	307.86152783881295	302.33453644477015	97455.29596397569	1.114034510657581	1017.40767094871	0.025792434481251524	0.45115698585625963	0.014731852004661018	2055.496838999191	4037.0999919860897	0.013223874003656537	50.9151827569168	1981.6031529868987	291.09721320866464	-0.29304946516318625	-0.5652813237671296	0.2789811486786044	0.6951628912350442	-4.624834503369754e-14	2.0026393489341398e-14	0.6951628912350442	1.9419774733918305	278.4028327453635	242.59716725463647	23.660577990617522	NaN	0.30620558031002654	0.25975076163552374	166.06636980769304	0.012062044845802405	-0.04865206048759068	-0.04275442295280582	0	22.42243867872766	-3.4026915758189853	7.696897609329637	19.16636333767984	29.229913414822995	40.995369174743935	61.418533358108874	0.10283567199892378	1.0157364940692042	3.8467974798760123	1.022280572580599	279.0359414383413	1.0930157452933282	20.610879936329166	1.0930157452933282	6.3698068343745655	1.0930157452933282	0.05326678889391623	1.3099696372756244	NaN	NaN	800000009	800000009	800000009	800000009	800000019	800000019	899999999	899999999	89999	89999	89	89	3	0	0	3	5	1	0	NaN	0	0	0	0	0	0	0	0	0	NaN	NaN	NaN	NaN	0	0	0	0	0	0	0	0	0	0	0	0	18000	18000	18000	18000	93	NaN	0.29464776277861443	0.16894554169820875	0.05590821879422432	0.10223019519569247	34.14860632037445	2.3464468243935928	0.000001042621196416174	NaN	0.0033939518011815205	0.5430587978838401	0.16783270063741912	0.00005326678889391623	NaN	16.012266188568525	808.2841852585058	95.36115290514628	96.03436307038201	94.68794114663866	1.346419288535913	0.00029021323704607005	69.74699671024746	124
DATA	2026-08-28T193000_AIU-1657.ghg	2026-08-28	20:00:00	240.833	0	18000	18000	0.27921782107135174	1	NaN	137.5413261308277	1	NaN	-68.43490393758039	2	NaN	-79.20963872765492	1	NaN	-1.558127558586201	2	NaN	0.03088826546849902	2	NaN	NaN	NaN	NaN	NaN	NaN	NaN	NaN	NaN	NaN	-7.113033713325308e-10	-3.782425053852321e-11	-3.4219698623084557e-12	NaN	16.800453379231588	433.8272762793017	444.0716488762587	0.1	1	893.3804947196826	23.069188548471278	23.61394305313696	0.1	1	0.08082436756787444	2.0182620717780866	2.0659211974073606	0	1	NaN	NaN	NaN	NaN	9	307.07202638075097	299.6367061509222	97487.16846101955	1.1235825558583312	1018.4656917413573	0.025553922780461823	-0.10096666579638582	0.016267826600930155	2249.553127279455	3449.3535557739488	0.014478532544057503	65.21665845224473	1199.8004284944936	292.5391861017183	-0.3536233620896253	-0.5348539698468362	0.43399795597123253	0.7742560797720208	1.1844909504381496e-13	-4.233834380992545e-14	0.7742560797720208	3.194526921390531	284.471031561234	236.52896843876607	34.09283361393885	NaN	0.49850448830938443	0.4792819611234105	-77.34434762918248	-0.025898466551215932	-2.0098125111168335	0.24110862297416288	0	23.87476292550526	-3.6230873833702897	8.195433526102999	20.40778826012905	31.123164750764037	43.65068109291474	65.3966744727114	0.2751223082043815	1.0148861533392188	131.46634975838944	1.0219108577025566	-62.60326493888432	1.0931523140907928	-72.45983721265405	1.0931523140907928	-1.4253526599192554	1.0931523140907928	-0.0063334433061420555	1.30876786632052	NaN	NaN	800000009	800000009	800000009	800000019	800000019	800000019	899999999	899999999	89999	89999	89	89	14	1	0	0	0	0	0	NaN	0	0	0	0	0	0	0	0	0	NaN	NaN	NaN	NaN	0	3	0	0	0	0	0	0	0	0	0	0	18000	18000	18000	18000	93	NaN	0.6237072470383846	0.20819447063106095	0.12666220457737526	0.26890823683599685	97.91076302931926	1.0549658923404441	1.1678391202705636e-7	NaN	0.1148849693867866	-1.8953694486678505	-0.037283686923831834	-0.0000063334433061420554	NaN	16.80186687768105	893.4277125672846	95.47359018113877	96.06719218826294	94.87998837831285	1.1872044039302454	0.00028713095861247816	70.35169417070459	082
DATA	2026-08-28T200000_AIU-1657.ghg	2026-08-28	20:30:00	240.854	0	18000	18000	0.06458260662274944	1	NaN	-1.115875294759478	2	NaN	19.279039481392065	1	NaN	0.3932733524992078	2	NaN	0.43808362163589337	1	NaN	0.022635453843737448	1	NaN	NaN	NaN	NaN	NaN	NaN	NaN	NaN	NaN	NaN	3.5767470510288647e-10	1.857039120641137e-11	1.6918844748169229e-12	NaN	17.22297314353668	440.73793625183424	451.05953876320024	-0.1	0	894.2129383205624	22.883015709340153	23.418911018062104	0.4	0	0.08146866539907122	2.0157027206647764	2.0629082833188903	0	0	NaN	NaN	NaN	NaN	9	305.5271852501762	297.6130761888292	97512.78750824653	1.1316000282151095	1018.3149228812617	0.025374673195806993	0.028387818682005888	0.016250532448852443	2231.985194260021	3058.849066020915	0.01436066811918047	72.96813756042842	826.8638717608937	292.41323244598567	-0.5955670034171211	-1.755532575291104	0.715746029189137	1.987180680453382	-8.700362261570566e-15	2.0767303189874168e-14	1.987180680453382	4.307691858086632	269.73958082015974	251.26041917984023	21.111352585968927	NaN	0.23889733773098945	0.21266619378814536	1049.351193043705	0.0019088938129377736	-0.05788023287345356	-0.0040534917618019264	0	18.388975957505686	-2.7905980466747806	6.312340379801058	15.718620068912701	23.971887390424268	33.62091291339472	50.370254076735115	0.06381636450298732	1.0120069848185451	0.0411053926407642	1.0242206732855184	17.396501073720735	1.1082136229402537	0.3548714294413705	1.1082136229402537	0.39530611478461447	1.1082136229402537	0.01704748437963838	1.306024390352935	NaN	NaN	800000009	800000009	800000009	800000009	810110019	810110019	899999999	899999999	89999	89999	89	89	2	0	0	21	9	0	8	NaN	0	0	0	0	0	0	0	0	0	NaN	NaN	NaN	NaN	0	0	0	0	0	0	0	0	0	0	0	0	18000	18000	18000	18000	93	NaN	0.23597286587395602	0.13348866586726704	0.055870855835067616	0.20380142875004698	39.07821926396199	0.28896868588758445	1.0777136676026395e-7	NaN	0.000035671694763388155	0.009215685798551566	0.010265737520306751	0.00001704748437963838	NaN	17.224577561041556	894.2785146882424	95.60808323923747	96.10003245883517	95.11613337940639	0.983898092021542	0.00028473583777667967	70.6451929593823	078
DATA	2026-08-28T203000_AIU-1657.ghg	2026-08-28	21:00:00	240.874	0	18000	18000	0.10673247753643117	1	NaN	43.42089697247551	1	NaN	157.3388995867632	1	NaN	-3.973649663370282	2	NaN	3.570784043555697	1	NaN	-0.010702089570458727	2	NaN	NaN	NaN	NaN	NaN	NaN	NaN	NaN	NaN	NaN	-1.3914424604028393e-10	-6.9822673326245906e-12	-6.455088894121241e-13	NaN	17.600643006078148	448.0117105600513	458.3152125615188	0.1	1	883.2014128629371	22.481256827329215	22.99828722911565	0.1	1	0.08165175235850945	2.008123749470158	2.0543071562520816	0	1	NaN	NaN	NaN	NaN	9	304.51271746910936	296.3211749250624	97546.02825347222	1.1370952322566334	1018.0588617930271	0.025255915514317977	0.23138680602240916	0.016040291817572095	2193.5455512372464	2830.2368693358776	0.014106375053335838	77.50395647103443	636.6913180986312	292.13457896535505	-0.8712927609262441	-1.9693036865368037	0.8496145456536245	2.314984440819506	1.0855377569406068e-14	-7.90563424258036e-15	2.314984440819506	3.4435864535322045	274.8663700970402	246.13362990295977	21.53112396687906	NaN	0.3063725674412849	0.19947001837189585	-56.88744707141943	-0.03521163460693191	0.2759705138812886	0.12242755815299054	0	18.296782365921175	-2.776607313466678	6.280693303190451	15.639814373464828	23.851703732525653	33.4523536243403	50.11772154620759	0.10543098078210725	1.0123445380538925	51.83414816140958	1.0258112108122588	141.2464113549292	1.1139320148205125	-3.5672281705724695	1.1139320148205125	3.2055673021760276	1.1139320148205125	-0.027319746363160355	1.3073226368973183	NaN	NaN	800000009	800000009	800000009	800000009	800000019	800010019	899999999	899999999	89999	89999	89	89	14	16	0	5	0	2	2	NaN	0	0	0	0	0	0	0	0	0	NaN	NaN	NaN	NaN	0	0	0	0	0	0	0	0	0	0	0	0	18000	18000	18000	18000	93	NaN	0.13086836181713396	0.1750210031846983	0.09305067174195941	0.10763850402537867	26.820530255052937	0.3322905098414911	5.785616993243213e-8	NaN	0.044776097395977495	-0.0921661806698788	0.08282197857682837	-0.000027319746363160356	NaN	17.601963546992845	883.241697546973	95.66933234829372	96.10155044110616	95.23711353937784	0.8644368310504446	0.0002826829442508622	70.44121941545275	153
DATA	2026-08-28T210000_AIU-1657.ghg	2026-08-28	21:30:00	240.895	0	18000	18000	0.07388266071081989	1	NaN	-12.12865651333527	0	NaN	71.64391110341089	0	NaN	24.88739535945033	0	NaN	1.625475001592701	0	NaN	0.0060127036864403	0	NaN	NaN	NaN	NaN	NaN	NaN	NaN	NaN	NaN	NaN	-2.3436804011551313e-10	-1.159336218423353e-11	-1.101482990658323e-12	NaN	17.47208950896257	443.880998131622	453.8462040376921	0.2	0	864.2827822979364	21.95723092407409	22.45017459187364	0.1	1	0.08211533191938886	2.016276103691155	2.061541854244444	-0.3	0	NaN	NaN	NaN	NaN	9	304.3325020658706	296.0206844431559	97598.0597000868	1.1390842429481736	1017.7537613452796	0.02521685347048154	0.10533078010320703	0.015690669277763768	2143.557967116884	2779.253756041904	0.013774810225759278	77.12710516112242	635.6957889250202	291.76573793244484	-0.22843859643616368	-1.7778148932317288	0.3811852162068736	1.8325152539591651	1.3345350079477063e-14	-1.3413852990810888e-14	1.8325152539591651	3.8475943952512712	258.3220440005945	262.6779559994055	12.005877455348012	NaN	0.2546791205134961	0.27691850801862267	117.01860151580888	0.017117791308840644	-0.16929082076254542	-0.04107908817700942	0	14.022922282670685	-2.128032557175688	4.813615438524987	11.986583055334465	18.28029546733116	25.63837431439676	38.41095664645383	0.07303466851375279	1.011610817360079	-7.765435697184641	1.025047680335161	63.81577391059811	1.1226677467514459	22.168086178180996	1.1226677467514459	1.4478682640488956	1.1226677467514459	0.0037471259599192153	1.3975102123935952	NaN	NaN	800000009	800000009	800000009	800000009	800000019	800000019	899999999	899999999	89999	89999	89	89	13	9	0	10	6	1	5	NaN	0	0	0	0	0	0	0	0	0	NaN	NaN	NaN	NaN	0	0	0	0	0	0	0	0	0	0	0	0	18000	18000	18000	18000	93	NaN	0.23887230350216512	0.18992529800228475	0.1250394145327954	0.08043827113818362	26.22784209432349	0.06511509265987066	1.2066388518830795e-7	NaN	-0.00669834122472689	0.5715626810382196	0.037330577846835314	0.0000037471259599192153	NaN	17.47339063046281	864.3428243775589	95.71926076168484	96.1324555522071	95.30606631893582	0.826385824852519	0.00028223673382146643	69.64061976452197	068
DATA	2026-08-28T213000_AIU-1657.ghg	2026-08-28	22:00:00	240.916	0	18000	18000	0.05940190268875814	1	NaN	-22.237353982310342	2	NaN	5.5499045495873185	2	NaN	14.294766315579212	1	NaN	0.12579257033988844	2	NaN	0.012412710543584771	1	NaN	NaN	NaN	NaN	NaN	NaN	NaN	NaN	NaN	NaN	-1.286960034794351e-10	-6.112703367887228e-12	-5.87846305968803e-13	NaN	18.00374300789	455.8347658355969	465.9223993428558	0	0	855.1278792156971	21.65088761881084	22.13002224340458	0.1	1	0.08223591669255662	2.0096098826415045	2.0540825940449268	0	1	NaN	NaN	NaN	NaN	9	303.3335156733195	294.99470297749826	97639.83249782986	1.143668745491418	1017.5585582683746	0.025118703072431345	0.008151358558024771	0.015532211215312694	2114.5560957117377	2611.1734843629188	0.013581040206391864	80.98106496465336	496.61738865118105	291.54827138404585	-0.7765701222586333	-2.4179788694381608	0.8441191587699735	2.6762324491786575	-2.623299246245019e-14	-7.14829152043745e-15	2.6762324491786575	3.9379108037916835	268.80519914730974	252.19480085269024	18.385762758867997	NaN	0.2279030050227286	0.2174944250009376	45.74616939483009	0.04378727282521662	-4.006799357290546	-0.08384427113075028	0	18.270291384648225	-2.772587204855648	6.271599806566375	15.61717028111056	23.81717006292902	33.40391966170821	50.04515864436118	0.05849737709032938	1.0154626693267295	-21.339611176986057	1.0343436503613255	4.777913572436974	1.161574914540907	12.30636624175805	1.161574914540907	0.10829484070737345	1.161574914540907	0.013397026532801002	1.4621591894399508	NaN	NaN	800000009	800000009	800000009	800000009	800000019	800000019	899999999	899999999	89999	89999	89	89	9	1	0	13	1	0	4	NaN	0	0	0	0	0	0	0	0	0	NaN	NaN	NaN	NaN	0	0	0	0	0	0	0	0	0	0	0	0	18000	18000	18000	18000	93	NaN	0.2349352329170027	0.14837712974441186	0.05167648734046063	0.24206360458997944	53.293618898525324	0.1083647783542926	3.58200876311527e-8	NaN	-0.018336938902367074	0.3159626667074849	0.0027804411138405913	0.000013397026532801002	NaN	18.00531654654611	855.1834592481706	95.73325059212578	96.11568933529323	95.35080729548136	0.7648800922400371	0.0002817325636957926	70.39266298839348	039
DATA	2026-08-28T220000_AIU-1657.ghg	2026-08-28	22:30:00	240.937	0	18000	18000	0.07987051761602867	0	NaN	-1.9556351212777747	2	NaN	37.171141512679014	0	NaN	21.1369689367104	1	NaN	0.8423906870016692	0	NaN	0.016001618023548422	1	NaN	NaN	NaN	NaN	NaN	NaN	NaN	NaN	NaN	NaN	-4.4387699204879155e-10	-2.11196673731439e-11	-2.04815859289701e-12	NaN	17.864850326097912	451.6400880703976	461.55853582441847	0.1	1	850.0095821968532	21.489035483451527	21.960955229631573	0.1	1	0.08243285270842413	2.01291678510293	2.057122360501549	0	1	NaN	NaN	NaN	NaN	9	303.37160698021785	294.84764316474065	97666.07854405382	1.1446173704966112	1017.4633726253026	0.025099434131226308	0.05458691651770816	0.015427934511273425	2099.3127947868334	2587.824843038687	0.013478682841043869	81.12267723350894	488.5120482518537	291.43292081460305	-0.3173824883158513	-2.2742166052643022	0.39718732674754686	2.3303541756733233	2.01018961070453e-15	-2.4846387400198518e-14	2.3303541756733233	4.2366216613739685	258.9447059171864	262.05529408281353	9.8134465047602	NaN	0.2641575836549428	0.3241500161073819	810.1372886438386	0.0024725438861765868	-0.052611650912326995	-0.006356903640611564	0	13.435147860667394	-2.0388355209884557	4.6118514998043425	11.48416231983269	17.51407214484737	24.563735209937676	36.800951443090256	0.07889499062166708	1.0123648787670136	0.24005898129696102	1.0258901651398693	33.36093209021161	1.114211719629541	18.970334420587616	1.114211719629541	0.7560418474881521	1.114211719629541	0.011132491800183062	1.3073908660848628	NaN	NaN	800000009	800000009	800000009	800000009	800000019	800011019	899999999	899999999	89999	89999	89	89	20	17	0	20	12	7	5	NaN	0	0	0	0	0	0	0	0	0	NaN	NaN	NaN	NaN	0	0	0	0	0	0	0	0	0	0	0	0	18000	18000	18000	18000	93	NaN	0.2962578357303569	0.2023233036241023	0.14971889286030463	0.06137448248656859	17.095427734223858	0.06524556349993461	2.4101171230003605e-8	NaN	0.00020612887940953272	0.486604117265703	0.01939307276595221	0.000011132491800183061	NaN	17.86618403756849	850.0691091386045	95.74241251733568	96.10332166057162	95.38151143709818	0.7218158566554382	0.0002814924919625304	70.29935821395449	129
DATA	2026-08-28T223000_AIU-1657.ghg	2026-08-28	23:00:00	240.958	0	18000	18000	0.24130008590827415	1	NaN	-3.6766557651435825	2	NaN	34.23767774167207	2	NaN	19.334135532250855	0	NaN	0.775794066547001	2	NaN	0.03083708761822956	1	NaN	NaN	NaN	NaN	NaN	NaN	NaN	NaN	NaN	NaN	6.255413247796845e-10	2.926894544742061e-11	2.8836973613458177e-12	NaN	17.912238451446367	452.6425384613875	462.43650337961805	0.1	1	838.1098247365546	21.17904803503495	21.63730556903017	0.1	1	0.08257404061422374	2.0146682542211307	2.058260246857938	0	1	NaN	NaN	NaN	NaN	9	303.1589871792263	294.69179190572106	97679.69874544271	1.145517780471812	1017.283501361362	0.025082669064010334	0.05027145551224566	0.015215543894330084	2069.317955561092	2563.2797698476465	0.013282678063768821	80.72930547429421	493.9618142865547	291.20377958546175	-0.3523406830105135	-2.255027667326091	0.5298395051970238	2.3430799471160553	2.741492131842e-14	3.492256573489136e-14	2.3430799471160553	4.52808807036424	259.8804758598237	261.1195241401763	13.069305917196738	NaN	0.45896315357993134	0.5236432215989599	2260.2447588525224	0.0008862314544274977	-0.10738624835727614	-0.006874344830821579	0	17.66655664688032	-2.6809681291758434	6.064357207918817	15.10110690774447	23.03014085690342	32.30010000974978	48.39143566345163	0.23845689573354753	1.0119232877119377	-1.6423989644866281	1.0265502338749422	30.368260310821487	1.1274164997022151	17.149062070102385	1.1274164997022151	0.6881166514344181	1.1274164997022151	0.022111894663925567	1.3823413571118255	NaN	NaN	800000009	800000009	800000009	800000009	800000019	800011019	899999999	899999999	89999	89999	89	89	14	11	0	39	13	2	9	NaN	0	0	0	0	0	0	0	0	0	NaN	NaN	NaN	NaN	0	0	0	0	0	0	0	0	0	0	0	0	18000	18000	18000	18000	93	NaN	0.45835858481998376	0.3609816184934809	0.22794623988445528	0.05823858737301349	20.406126526839962	0.09693534820083946	3.6513834078944296e-8	NaN	-0.0014094018165692235	0.43945396179082324	0.01763336020424612	0.000022111894663925567	NaN	17.91351953526408	838.166732615993	95.78480809148152	96.14481277826097	95.42479470147028	0.7200118171489895	0.00028101045964932494	70.21799957840533	238
DATA	2026-08-28T230000_AIU-1657.ghg	2026-08-28	23:30:00	240.979	0	18000	18000	0.05584793992444783	0	NaN	9.085025541624134	0	NaN	127.39903078651751	1	NaN	31.4881408728838	1	NaN	2.8844786245998195	1	NaN	0.006581090614638251	1	NaN	NaN	NaN	NaN	NaN	NaN	NaN	NaN	NaN	NaN	5.543565446273568e-10	2.493371028716253e-11	2.5112497327110593e-12	NaN	18.356912732572464	462.6979058229927	472.53181789398064	0	0	825.6526386792469	20.81111091061878	21.253418153031273	0.1	1	0.08315729766311471	2.021155108623157	2.0641115632988605	0	1	NaN	NaN	NaN	NaN	9	302.4024825236003	293.88020458984374	97697.85337586806	1.1490558988160922	1017.0579358528169	0.02500894274063421	0.18691421487406829	0.014995285043597713	2033.7462469426823	2438.723587422779	0.013050091870245667	83.39388102166703	404.9773404800967	290.9282275314098	-0.7049872543141961	-2.2740477889809454	0.7280892682021582	2.48966149461844	-1.9177697144486708e-14	3.0198789562457734e-14	2.48966149461844	3.680991529766263	268.22418186401046	252.77581813598948	17.0043965562231	NaN	0.2204616231678706	0.19496289024085836	-101.38414709125846	-0.01975752676793699	0.07131157502169624	0.03526194815502879	0	14.594755424362157	-2.2148104425737487	5.009907251573679	12.475377424190675	19.02573772090839	26.683867674235255	39.97729621332573	0.05515314898356299	1.0125974845260768	16.25526077004137	1.0267267655490788	114.04566735226229	1.1170878626454925	28.187702978271954	1.1170878626454925	2.582141227252066	1.1170878626454925	-0.0037412324868656885	1.3081829973261294	NaN	NaN	800000009	800000009	800000009	800000009	800000019	800000019	899999999	899999999	89999	89999	89	89	10	7	1	4	11	0	8	NaN	0	0	0	0	0	0	0	0	0	NaN	NaN	NaN	NaN	0	0	0	0	0	0	0	0	0	0	0	0	18000	18000	18000	18000	93	NaN	0.19011172421516778	0.11502681325557286	0.08478724301097607	0.2480838151331571	99.44513398990419	0.1893718501334831	1.9752959492022568e-8	NaN	0.01390935820237641	0.7199312375211653	0.06594947203122417	-0.0000037412324868656886	NaN	18.358638896359327	825.7131807378255	95.78903271823461	96.12306292894151	95.45499577331543	0.6680645377271761	0.00028012889156040426	70.13259847789341	032
